W14X22, L = 360.0 in, slope = 0.020833333333333332 in/in, dead load = 6.944444444444444e-05 kip/in^2
zwlim AISC Appendix 2,zwlim DAMP,zwlim Proposed for ASCE 7,zwlim Neglect Ponding,dhnom Denver,dhnom New York,dhnom New Orleans,dh Denver,dh New York,dh New Orleans,dmax
15.157592197472677,15.445593418066442,13.32206666549804,15.157592197472677,5.230012858133471,5.230012858133471,5.230012858133471,17.714914888119132,17.714914888119132,17.714914888119132,22.0424986082945,Fail ,
15.157592197472677,15.445593418066442,13.32206666549804,15.157592197472677,5.230012858133471,5.230012858133471,5.230012858133471,17.714914888119132,17.714914888119132,17.714914888119132,19.25624277390322,Fail ,
15.157592197472677,15.445593418066442,13.32206666549804,15.157592197472677,5.230012858133471,5.230012858133471,5.230012858133471,17.714914888119132,17.714914888119132,17.714914888119132,18.527007160671168,Fail ,
15.157592197472677,15.445593418066442,13.32206666549804,15.157592197472677,5.230012858133471,5.230012858133471,5.230012858133471,17.714914888119132,17.714914888119132,17.714914888119132,21.761374547956446,Fail ,
15.157592197472677,15.445593418066442,13.32206666549804,15.157592197472677,5.230012858133471,5.230012858133471,5.230012858133471,17.714914888119132,17.714914888119132,17.714914888119132,18.27062518604736,Fail ,
15.157592197472677,15.445593418066442,13.32206666549804,15.157592197472677,5.230012858133471,5.230012858133471,5.230012858133471,17.714914888119132,17.714914888119132,17.714914888119132,26.92167093618004,Fail ,
15.157592197472677,15.445593418066442,13.32206666549804,15.157592197472677,5.230012858133471,5.230012858133471,5.230012858133471,17.714914888119132,17.714914888119132,17.714914888119132,20.336999965750888,Fail ,
15.157592197472677,15.445593418066442,13.32206666549804,15.157592197472677,5.230012858133471,5.230012858133471,5.230012858133471,17.714914888119132,17.714914888119132,17.714914888119132,18.44224426632865,Fail ,
15.157592197472677,15.445593418066442,13.32206666549804,15.157592197472677,5.230012858133471,5.230012858133471,5.230012858133471,17.714914888119132,17.714914888119132,17.714914888119132,21.260890423725606,Fail ,
15.157592197472677,15.445593418066442,13.32206666549804,15.157592197472677,5.230012858133471,5.230012858133471,5.230012858133471,17.714914888119132,17.714914888119132,17.714914888119132,19.97983977661071,Fail ,
15.157592197472677,15.445593418066442,13.32206666549804,15.157592197472677,5.230012858133471,5.230012858133471,5.230012858133471,17.714914888119132,17.714914888119132,17.714914888119132,17.62238283802228,Fail ,
15.157592197472677,15.445593418066442,13.32206666549804,15.157592197472677,5.230012858133471,5.230012858133471,5.230012858133471,17.714914888119132,17.714914888119132,17.714914888119132,17.01644899295532,Fail ,
15.157592197472677,15.445593418066442,13.32206666549804,15.157592197472677,5.230012858133471,5.230012858133471,5.230012858133471,17.714914888119132,17.714914888119132,17.714914888119132,21.454504051006545,Fail ,
15.157592197472677,15.445593418066442,13.32206666549804,15.157592197472677,5.230012858133471,5.230012858133471,5.230012858133471,17.714914888119132,17.714914888119132,17.714914888119132,18.858213747378556,Fail ,
15.157592197472677,15.445593418066442,13.32206666549804,15.157592197472677,5.230012858133471,5.230012858133471,5.230012858133471,17.714914888119132,17.714914888119132,17.714914888119132,21.852301766169266,Fail ,
15.157592197472677,15.445593418066442,13.32206666549804,15.157592197472677,5.230012858133471,5.230012858133471,5.230012858133471,17.714914888119132,17.714914888119132,17.714914888119132,19.850642311812404,Fail ,
15.157592197472677,15.445593418066442,13.32206666549804,15.157592197472677,5.230012858133471,5.230012858133471,5.230012858133471,17.714914888119132,17.714914888119132,17.714914888119132,20.51231406040488,Fail ,
15.157592197472677,15.445593418066442,13.32206666549804,15.157592197472677,5.230012858133471,5.230012858133471,5.230012858133471,17.714914888119132,17.714914888119132,17.714914888119132,22.444078433385133,Fail ,
15.157592197472677,15.445593418066442,13.32206666549804,15.157592197472677,5.230012858133471,5.230012858133471,5.230012858133471,17.714914888119132,17.714914888119132,17.714914888119132,18.380839875579596,Fail ,
15.157592197472677,15.445593418066442,13.32206666549804,15.157592197472677,5.230012858133471,5.230012858133471,5.230012858133471,17.714914888119132,17.714914888119132,17.714914888119132,19.324892688927477,Fail ,
15.157592197472677,15.445593418066442,13.32206666549804,15.157592197472677,5.230012858133471,5.230012858133471,5.230012858133471,17.714914888119132,17.714914888119132,17.714914888119132,18.296843702175416,Fail ,
15.157592197472677,15.445593418066442,13.32206666549804,15.157592197472677,5.230012858133471,5.230012858133471,5.230012858133471,17.714914888119132,17.714914888119132,17.714914888119132,21.685928500385078,Fail ,
15.157592197472677,15.445593418066442,13.32206666549804,15.157592197472677,5.230012858133471,5.230012858133471,5.230012858133471,17.714914888119132,17.714914888119132,17.714914888119132,22.5656403121849,Fail ,
15.157592197472677,15.445593418066442,13.32206666549804,15.157592197472677,5.230012858133471,5.230012858133471,5.230012858133471,17.714914888119132,17.714914888119132,17.714914888119132,20.08863599684928,Fail ,
15.157592197472677,15.445593418066442,13.32206666549804,15.157592197472677,5.230012858133471,5.230012858133471,5.230012858133471,17.714914888119132,17.714914888119132,17.714914888119132,19.207011445998926,Fail ,
15.157592197472677,15.445593418066442,13.32206666549804,15.157592197472677,5.230012858133471,5.230012858133471,5.230012858133471,17.714914888119132,17.714914888119132,17.714914888119132,16.941511535343324,Fail ,
15.157592197472677,15.445593418066442,13.32206666549804,15.157592197472677,5.230012858133471,5.230012858133471,5.230012858133471,17.714914888119132,17.714914888119132,17.714914888119132,21.156228718206474,Fail ,
15.157592197472677,15.445593418066442,13.32206666549804,15.157592197472677,5.230012858133471,5.230012858133471,5.230012858133471,17.714914888119132,17.714914888119132,17.714914888119132,20.84560218797321,Fail ,
15.157592197472677,15.445593418066442,13.32206666549804,15.157592197472677,5.230012858133471,5.230012858133471,5.230012858133471,17.714914888119132,17.714914888119132,17.714914888119132,18.465971174992436,Fail ,
15.157592197472677,15.445593418066442,13.32206666549804,15.157592197472677,5.230012858133471,5.230012858133471,5.230012858133471,17.714914888119132,17.714914888119132,17.714914888119132,23.28816293223893,Fail ,
15.157592197472677,15.445593418066442,13.32206666549804,15.157592197472677,5.230012858133471,5.230012858133471,5.230012858133471,17.714914888119132,17.714914888119132,17.714914888119132,20.460745473389363,Fail ,
15.157592197472677,15.445593418066442,13.32206666549804,15.157592197472677,5.230012858133471,5.230012858133471,5.230012858133471,17.714914888119132,17.714914888119132,17.714914888119132,21.18913685738739,Fail ,
15.157592197472677,15.445593418066442,13.32206666549804,15.157592197472677,5.230012858133471,5.230012858133471,5.230012858133471,17.714914888119132,17.714914888119132,17.714914888119132,19.020285280673196,Fail ,
15.157592197472677,15.445593418066442,13.32206666549804,15.157592197472677,5.230012858133471,5.230012858133471,5.230012858133471,17.714914888119132,17.714914888119132,17.714914888119132,22.607251744957736,Fail ,
15.157592197472677,15.445593418066442,13.32206666549804,15.157592197472677,5.230012858133471,5.230012858133471,5.230012858133471,17.714914888119132,17.714914888119132,17.714914888119132,21.50470556749258,Fail ,
15.157592197472677,15.445593418066442,13.32206666549804,15.157592197472677,5.230012858133471,5.230012858133471,5.230012858133471,17.714914888119132,17.714914888119132,17.714914888119132,18.397587949014266,Fail ,
15.157592197472677,15.445593418066442,13.32206666549804,15.157592197472677,5.230012858133471,5.230012858133471,5.230012858133471,17.714914888119132,17.714914888119132,17.714914888119132,20.814677470813365,Fail ,
15.157592197472677,15.445593418066442,13.32206666549804,15.157592197472677,5.230012858133471,5.230012858133471,5.230012858133471,17.714914888119132,17.714914888119132,17.714914888119132,21.162562327794767,Fail ,
15.157592197472677,15.445593418066442,13.32206666549804,15.157592197472677,5.230012858133471,5.230012858133471,5.230012858133471,17.714914888119132,17.714914888119132,17.714914888119132,22.05081613597752,Fail ,
15.157592197472677,15.445593418066442,13.32206666549804,15.157592197472677,5.230012858133471,5.230012858133471,5.230012858133471,17.714914888119132,17.714914888119132,17.714914888119132,17.818736890170648,Fail ,
15.157592197472677,15.445593418066442,13.32206666549804,15.157592197472677,5.230012858133471,5.230012858133471,5.230012858133471,17.714914888119132,17.714914888119132,17.714914888119132,22.519264168242216,Fail ,
15.157592197472677,15.445593418066442,13.32206666549804,15.157592197472677,5.230012858133471,5.230012858133471,5.230012858133471,17.714914888119132,17.714914888119132,17.714914888119132,19.036962335499496,Fail ,
15.157592197472677,15.445593418066442,13.32206666549804,15.157592197472677,5.230012858133471,5.230012858133471,5.230012858133471,17.714914888119132,17.714914888119132,17.714914888119132,19.987213606906096,Fail ,
15.157592197472677,15.445593418066442,13.32206666549804,15.157592197472677,5.230012858133471,5.230012858133471,5.230012858133471,17.714914888119132,17.714914888119132,17.714914888119132,19.506115069049333,Fail ,
15.157592197472677,15.445593418066442,13.32206666549804,15.157592197472677,5.230012858133471,5.230012858133471,5.230012858133471,17.714914888119132,17.714914888119132,17.714914888119132,22.26053225561209,Fail ,
15.157592197472677,15.445593418066442,13.32206666549804,15.157592197472677,5.230012858133471,5.230012858133471,5.230012858133471,17.714914888119132,17.714914888119132,17.714914888119132,17.412786999498206,Fail ,
15.157592197472677,15.445593418066442,13.32206666549804,15.157592197472677,5.230012858133471,5.230012858133471,5.230012858133471,17.714914888119132,17.714914888119132,17.714914888119132,20.327367225386375,Fail ,
15.157592197472677,15.445593418066442,13.32206666549804,15.157592197472677,5.230012858133471,5.230012858133471,5.230012858133471,17.714914888119132,17.714914888119132,17.714914888119132,19.020084747795256,Fail ,
15.157592197472677,15.445593418066442,13.32206666549804,15.157592197472677,5.230012858133471,5.230012858133471,5.230012858133471,17.714914888119132,17.714914888119132,17.714914888119132,20.382896118400517,Fail ,
15.157592197472677,15.445593418066442,13.32206666549804,15.157592197472677,5.230012858133471,5.230012858133471,5.230012858133471,17.714914888119132,17.714914888119132,17.714914888119132,18.583249031446947,Fail ,
15.157592197472677,15.445593418066442,13.32206666549804,15.157592197472677,5.230012858133471,5.230012858133471,5.230012858133471,17.714914888119132,17.714914888119132,17.714914888119132,21.718789718564032,Fail ,
15.157592197472677,15.445593418066442,13.32206666549804,15.157592197472677,5.230012858133471,5.230012858133471,5.230012858133471,17.714914888119132,17.714914888119132,17.714914888119132,16.32839286600644,Fail ,
15.157592197472677,15.445593418066442,13.32206666549804,15.157592197472677,5.230012858133471,5.230012858133471,5.230012858133471,17.714914888119132,17.714914888119132,17.714914888119132,20.439348784651692,Fail ,
15.157592197472677,15.445593418066442,13.32206666549804,15.157592197472677,5.230012858133471,5.230012858133471,5.230012858133471,17.714914888119132,17.714914888119132,17.714914888119132,19.004568176911327,Fail ,
15.157592197472677,15.445593418066442,13.32206666549804,15.157592197472677,5.230012858133471,5.230012858133471,5.230012858133471,17.714914888119132,17.714914888119132,17.714914888119132,23.16530839536928,Fail ,
15.157592197472677,15.445593418066442,13.32206666549804,15.157592197472677,5.230012858133471,5.230012858133471,5.230012858133471,17.714914888119132,17.714914888119132,17.714914888119132,18.903876826809082,Fail ,
15.157592197472677,15.445593418066442,13.32206666549804,15.157592197472677,5.230012858133471,5.230012858133471,5.230012858133471,17.714914888119132,17.714914888119132,17.714914888119132,19.992661264379784,Fail ,
15.157592197472677,15.445593418066442,13.32206666549804,15.157592197472677,5.230012858133471,5.230012858133471,5.230012858133471,17.714914888119132,17.714914888119132,17.714914888119132,18.870800957303516,Fail ,
15.157592197472677,15.445593418066442,13.32206666549804,15.157592197472677,5.230012858133471,5.230012858133471,5.230012858133471,17.714914888119132,17.714914888119132,17.714914888119132,17.092007248169082,Fail ,
15.157592197472677,15.445593418066442,13.32206666549804,15.157592197472677,5.230012858133471,5.230012858133471,5.230012858133471,17.714914888119132,17.714914888119132,17.714914888119132,20.659727304449333,Fail ,
15.157592197472677,15.445593418066442,13.32206666549804,15.157592197472677,5.230012858133471,5.230012858133471,5.230012858133471,17.714914888119132,17.714914888119132,17.714914888119132,19.145300352745057,Fail ,
15.157592197472677,15.445593418066442,13.32206666549804,15.157592197472677,5.230012858133471,5.230012858133471,5.230012858133471,17.714914888119132,17.714914888119132,17.714914888119132,23.89116871860717,Fail ,
15.157592197472677,15.445593418066442,13.32206666549804,15.157592197472677,5.230012858133471,5.230012858133471,5.230012858133471,17.714914888119132,17.714914888119132,17.714914888119132,19.9111657878441,Fail ,
15.157592197472677,15.445593418066442,13.32206666549804,15.157592197472677,5.230012858133471,5.230012858133471,5.230012858133471,17.714914888119132,17.714914888119132,17.714914888119132,18.09046484073368,Fail ,
15.157592197472677,15.445593418066442,13.32206666549804,15.157592197472677,5.230012858133471,5.230012858133471,5.230012858133471,17.714914888119132,17.714914888119132,17.714914888119132,21.23608131737589,Fail ,
15.157592197472677,15.445593418066442,13.32206666549804,15.157592197472677,5.230012858133471,5.230012858133471,5.230012858133471,17.714914888119132,17.714914888119132,17.714914888119132,17.598347013663002,Fail ,
15.157592197472677,15.445593418066442,13.32206666549804,15.157592197472677,5.230012858133471,5.230012858133471,5.230012858133471,17.714914888119132,17.714914888119132,17.714914888119132,20.425834285655753,Fail ,
15.157592197472677,15.445593418066442,13.32206666549804,15.157592197472677,5.230012858133471,5.230012858133471,5.230012858133471,17.714914888119132,17.714914888119132,17.714914888119132,19.384537433157696,Fail ,
15.157592197472677,15.445593418066442,13.32206666549804,15.157592197472677,5.230012858133471,5.230012858133471,5.230012858133471,17.714914888119132,17.714914888119132,17.714914888119132,21.53035090308208,Fail ,
15.157592197472677,15.445593418066442,13.32206666549804,15.157592197472677,5.230012858133471,5.230012858133471,5.230012858133471,17.714914888119132,17.714914888119132,17.714914888119132,24.619438070541356,Fail ,
15.157592197472677,15.445593418066442,13.32206666549804,15.157592197472677,5.230012858133471,5.230012858133471,5.230012858133471,17.714914888119132,17.714914888119132,17.714914888119132,20.528506801532874,Fail ,
15.157592197472677,15.445593418066442,13.32206666549804,15.157592197472677,5.230012858133471,5.230012858133471,5.230012858133471,17.714914888119132,17.714914888119132,17.714914888119132,19.23041966397095,Fail ,
15.157592197472677,15.445593418066442,13.32206666549804,15.157592197472677,5.230012858133471,5.230012858133471,5.230012858133471,17.714914888119132,17.714914888119132,17.714914888119132,20.853015639544793,Fail ,
15.157592197472677,15.445593418066442,13.32206666549804,15.157592197472677,5.230012858133471,5.230012858133471,5.230012858133471,17.714914888119132,17.714914888119132,17.714914888119132,20.003319815167938,Fail ,
15.157592197472677,15.445593418066442,13.32206666549804,15.157592197472677,5.230012858133471,5.230012858133471,5.230012858133471,17.714914888119132,17.714914888119132,17.714914888119132,19.140354139812253,Fail ,
15.157592197472677,15.445593418066442,13.32206666549804,15.157592197472677,5.230012858133471,5.230012858133471,5.230012858133471,17.714914888119132,17.714914888119132,17.714914888119132,25.456254977105473,Fail ,
15.157592197472677,15.445593418066442,13.32206666549804,15.157592197472677,5.230012858133471,5.230012858133471,5.230012858133471,17.714914888119132,17.714914888119132,17.714914888119132,23.209453919856742,Fail ,
15.157592197472677,15.445593418066442,13.32206666549804,15.157592197472677,5.230012858133471,5.230012858133471,5.230012858133471,17.714914888119132,17.714914888119132,17.714914888119132,21.38869104652308,Fail ,
15.157592197472677,15.445593418066442,13.32206666549804,15.157592197472677,5.230012858133471,5.230012858133471,5.230012858133471,17.714914888119132,17.714914888119132,17.714914888119132,19.740089084420806,Fail ,
15.157592197472677,15.445593418066442,13.32206666549804,15.157592197472677,5.230012858133471,5.230012858133471,5.230012858133471,17.714914888119132,17.714914888119132,17.714914888119132,20.24445623750708,Fail ,
15.157592197472677,15.445593418066442,13.32206666549804,15.157592197472677,5.230012858133471,5.230012858133471,5.230012858133471,17.714914888119132,17.714914888119132,17.714914888119132,20.747980715788373,Fail ,
15.157592197472677,15.445593418066442,13.32206666549804,15.157592197472677,5.230012858133471,5.230012858133471,5.230012858133471,17.714914888119132,17.714914888119132,17.714914888119132,23.339183786696886,Fail ,
15.157592197472677,15.445593418066442,13.32206666549804,15.157592197472677,5.230012858133471,5.230012858133471,5.230012858133471,17.714914888119132,17.714914888119132,17.714914888119132,19.261999033950023,Fail ,
15.157592197472677,15.445593418066442,13.32206666549804,15.157592197472677,5.230012858133471,5.230012858133471,5.230012858133471,17.714914888119132,17.714914888119132,17.714914888119132,20.492704010284942,Fail ,
15.157592197472677,15.445593418066442,13.32206666549804,15.157592197472677,5.230012858133471,5.230012858133471,5.230012858133471,17.714914888119132,17.714914888119132,17.714914888119132,21.299966331017135,Fail ,
15.157592197472677,15.445593418066442,13.32206666549804,15.157592197472677,5.230012858133471,5.230012858133471,5.230012858133471,17.714914888119132,17.714914888119132,17.714914888119132,23.32780400946906,Fail ,
15.157592197472677,15.445593418066442,13.32206666549804,15.157592197472677,5.230012858133471,5.230012858133471,5.230012858133471,17.714914888119132,17.714914888119132,17.714914888119132,19.282132415263344,Fail ,
15.157592197472677,15.445593418066442,13.32206666549804,15.157592197472677,5.230012858133471,5.230012858133471,5.230012858133471,17.714914888119132,17.714914888119132,17.714914888119132,20.316522377940135,Fail ,
15.157592197472677,15.445593418066442,13.32206666549804,15.157592197472677,5.230012858133471,5.230012858133471,5.230012858133471,17.714914888119132,17.714914888119132,17.714914888119132,22.602139669943465,Fail ,
15.157592197472677,15.445593418066442,13.32206666549804,15.157592197472677,5.230012858133471,5.230012858133471,5.230012858133471,17.714914888119132,17.714914888119132,17.714914888119132,20.314633125930996,Fail ,
15.157592197472677,15.445593418066442,13.32206666549804,15.157592197472677,5.230012858133471,5.230012858133471,5.230012858133471,17.714914888119132,17.714914888119132,17.714914888119132,19.49358151698071,Fail ,
15.157592197472677,15.445593418066442,13.32206666549804,15.157592197472677,5.230012858133471,5.230012858133471,5.230012858133471,17.714914888119132,17.714914888119132,17.714914888119132,23.840712111699204,Fail ,
15.157592197472677,15.445593418066442,13.32206666549804,15.157592197472677,5.230012858133471,5.230012858133471,5.230012858133471,17.714914888119132,17.714914888119132,17.714914888119132,23.465553762818608,Fail ,
15.157592197472677,15.445593418066442,13.32206666549804,15.157592197472677,5.230012858133471,5.230012858133471,5.230012858133471,17.714914888119132,17.714914888119132,17.714914888119132,19.394379506438845,Fail ,
15.157592197472677,15.445593418066442,13.32206666549804,15.157592197472677,5.230012858133471,5.230012858133471,5.230012858133471,17.714914888119132,17.714914888119132,17.714914888119132,19.22970942007159,Fail ,
15.157592197472677,15.445593418066442,13.32206666549804,15.157592197472677,5.230012858133471,5.230012858133471,5.230012858133471,17.714914888119132,17.714914888119132,17.714914888119132,21.960264834151822,Fail ,
15.157592197472677,15.445593418066442,13.32206666549804,15.157592197472677,5.230012858133471,5.230012858133471,5.230012858133471,17.714914888119132,17.714914888119132,17.714914888119132,19.987010189776328,Fail ,
15.157592197472677,15.445593418066442,13.32206666549804,15.157592197472677,5.230012858133471,5.230012858133471,5.230012858133471,17.714914888119132,17.714914888119132,17.714914888119132,18.76044208828237,Fail ,
15.157592197472677,15.445593418066442,13.32206666549804,15.157592197472677,5.230012858133471,5.230012858133471,5.230012858133471,17.714914888119132,17.714914888119132,17.714914888119132,18.820860915231002,Fail ,
15.157592197472677,15.445593418066442,13.32206666549804,15.157592197472677,5.230012858133471,5.230012858133471,5.230012858133471,17.714914888119132,17.714914888119132,17.714914888119132,21.582774257913982,Fail ,
15.157592197472677,15.445593418066442,13.32206666549804,15.157592197472677,5.230012858133471,5.230012858133471,5.230012858133471,17.714914888119132,17.714914888119132,17.714914888119132,19.892964753426785,Fail ,
15.157592197472677,15.445593418066442,13.32206666549804,15.157592197472677,5.230012858133471,5.230012858133471,5.230012858133471,17.714914888119132,17.714914888119132,17.714914888119132,19.98627138480926,Fail ,
15.157592197472677,15.445593418066442,13.32206666549804,15.157592197472677,5.230012858133471,5.230012858133471,5.230012858133471,17.714914888119132,17.714914888119132,17.714914888119132,19.580825055063922,Fail ,
15.157592197472677,15.445593418066442,13.32206666549804,15.157592197472677,5.230012858133471,5.230012858133471,5.230012858133471,17.714914888119132,17.714914888119132,17.714914888119132,18.966492310784243,Fail ,
15.157592197472677,15.445593418066442,13.32206666549804,15.157592197472677,5.230012858133471,5.230012858133471,5.230012858133471,17.714914888119132,17.714914888119132,17.714914888119132,16.14238554288407,Fail ,
15.157592197472677,15.445593418066442,13.32206666549804,15.157592197472677,5.230012858133471,5.230012858133471,5.230012858133471,17.714914888119132,17.714914888119132,17.714914888119132,16.93421428976578,Fail ,
15.157592197472677,15.445593418066442,13.32206666549804,15.157592197472677,5.230012858133471,5.230012858133471,5.230012858133471,17.714914888119132,17.714914888119132,17.714914888119132,19.972853773191332,Fail ,
15.157592197472677,15.445593418066442,13.32206666549804,15.157592197472677,5.230012858133471,5.230012858133471,5.230012858133471,17.714914888119132,17.714914888119132,17.714914888119132,22.950556783217092,Fail ,
15.157592197472677,15.445593418066442,13.32206666549804,15.157592197472677,5.230012858133471,5.230012858133471,5.230012858133471,17.714914888119132,17.714914888119132,17.714914888119132,21.855032259432566,Fail ,
15.157592197472677,15.445593418066442,13.32206666549804,15.157592197472677,5.230012858133471,5.230012858133471,5.230012858133471,17.714914888119132,17.714914888119132,17.714914888119132,20.567447121715478,Fail ,
15.157592197472677,15.445593418066442,13.32206666549804,15.157592197472677,5.230012858133471,5.230012858133471,5.230012858133471,17.714914888119132,17.714914888119132,17.714914888119132,15.41213944236778,Fail ,
15.157592197472677,15.445593418066442,13.32206666549804,15.157592197472677,5.230012858133471,5.230012858133471,5.230012858133471,17.714914888119132,17.714914888119132,17.714914888119132,19.792985967409724,Fail ,
15.157592197472677,15.445593418066442,13.32206666549804,15.157592197472677,5.230012858133471,5.230012858133471,5.230012858133471,17.714914888119132,17.714914888119132,17.714914888119132,20.115446003761644,Fail ,
15.157592197472677,15.445593418066442,13.32206666549804,15.157592197472677,5.230012858133471,5.230012858133471,5.230012858133471,17.714914888119132,17.714914888119132,17.714914888119132,21.889589113515896,Fail ,
15.157592197472677,15.445593418066442,13.32206666549804,15.157592197472677,5.230012858133471,5.230012858133471,5.230012858133471,17.714914888119132,17.714914888119132,17.714914888119132,18.58433571385014,Fail ,
15.157592197472677,15.445593418066442,13.32206666549804,15.157592197472677,5.230012858133471,5.230012858133471,5.230012858133471,17.714914888119132,17.714914888119132,17.714914888119132,18.351392956982938,Fail ,
15.157592197472677,15.445593418066442,13.32206666549804,15.157592197472677,5.230012858133471,5.230012858133471,5.230012858133471,17.714914888119132,17.714914888119132,17.714914888119132,18.200084152431312,Fail ,
15.157592197472677,15.445593418066442,13.32206666549804,15.157592197472677,5.230012858133471,5.230012858133471,5.230012858133471,17.714914888119132,17.714914888119132,17.714914888119132,19.64013617384512,Fail ,
15.157592197472677,15.445593418066442,13.32206666549804,15.157592197472677,5.230012858133471,5.230012858133471,5.230012858133471,17.714914888119132,17.714914888119132,17.714914888119132,22.119295778371377,Fail ,
15.157592197472677,15.445593418066442,13.32206666549804,15.157592197472677,5.230012858133471,5.230012858133471,5.230012858133471,17.714914888119132,17.714914888119132,17.714914888119132,21.132016990038046,Fail ,
15.157592197472677,15.445593418066442,13.32206666549804,15.157592197472677,5.230012858133471,5.230012858133471,5.230012858133471,17.714914888119132,17.714914888119132,17.714914888119132,20.55027881866169,Fail ,
15.157592197472677,15.445593418066442,13.32206666549804,15.157592197472677,5.230012858133471,5.230012858133471,5.230012858133471,17.714914888119132,17.714914888119132,17.714914888119132,20.659911809595933,Fail ,
15.157592197472677,15.445593418066442,13.32206666549804,15.157592197472677,5.230012858133471,5.230012858133471,5.230012858133471,17.714914888119132,17.714914888119132,17.714914888119132,19.862311998898495,Fail ,
15.157592197472677,15.445593418066442,13.32206666549804,15.157592197472677,5.230012858133471,5.230012858133471,5.230012858133471,17.714914888119132,17.714914888119132,17.714914888119132,20.220944644074102,Fail ,
15.157592197472677,15.445593418066442,13.32206666549804,15.157592197472677,5.230012858133471,5.230012858133471,5.230012858133471,17.714914888119132,17.714914888119132,17.714914888119132,22.115302372404845,Fail ,
15.157592197472677,15.445593418066442,13.32206666549804,15.157592197472677,5.230012858133471,5.230012858133471,5.230012858133471,17.714914888119132,17.714914888119132,17.714914888119132,18.946231677368385,Fail ,
15.157592197472677,15.445593418066442,13.32206666549804,15.157592197472677,5.230012858133471,5.230012858133471,5.230012858133471,17.714914888119132,17.714914888119132,17.714914888119132,22.365008115125953,Fail ,
15.157592197472677,15.445593418066442,13.32206666549804,15.157592197472677,5.230012858133471,5.230012858133471,5.230012858133471,17.714914888119132,17.714914888119132,17.714914888119132,18.628005455523365,Fail ,
15.157592197472677,15.445593418066442,13.32206666549804,15.157592197472677,5.230012858133471,5.230012858133471,5.230012858133471,17.714914888119132,17.714914888119132,17.714914888119132,20.273965672264723,Fail ,
15.157592197472677,15.445593418066442,13.32206666549804,15.157592197472677,5.230012858133471,5.230012858133471,5.230012858133471,17.714914888119132,17.714914888119132,17.714914888119132,22.33526667117635,Fail ,
15.157592197472677,15.445593418066442,13.32206666549804,15.157592197472677,5.230012858133471,5.230012858133471,5.230012858133471,17.714914888119132,17.714914888119132,17.714914888119132,16.757821103938273,Fail ,
15.157592197472677,15.445593418066442,13.32206666549804,15.157592197472677,5.230012858133471,5.230012858133471,5.230012858133471,17.714914888119132,17.714914888119132,17.714914888119132,20.756622149613364,Fail ,
15.157592197472677,15.445593418066442,13.32206666549804,15.157592197472677,5.230012858133471,5.230012858133471,5.230012858133471,17.714914888119132,17.714914888119132,17.714914888119132,23.542837341540253,Fail ,
15.157592197472677,15.445593418066442,13.32206666549804,15.157592197472677,5.230012858133471,5.230012858133471,5.230012858133471,17.714914888119132,17.714914888119132,17.714914888119132,23.806062323026556,Fail ,
15.157592197472677,15.445593418066442,13.32206666549804,15.157592197472677,5.230012858133471,5.230012858133471,5.230012858133471,17.714914888119132,17.714914888119132,17.714914888119132,20.441323405006774,Fail ,
15.157592197472677,15.445593418066442,13.32206666549804,15.157592197472677,5.230012858133471,5.230012858133471,5.230012858133471,17.714914888119132,17.714914888119132,17.714914888119132,22.79101352453789,Fail ,
15.157592197472677,15.445593418066442,13.32206666549804,15.157592197472677,5.230012858133471,5.230012858133471,5.230012858133471,17.714914888119132,17.714914888119132,17.714914888119132,19.24134540731698,Fail ,
15.157592197472677,15.445593418066442,13.32206666549804,15.157592197472677,5.230012858133471,5.230012858133471,5.230012858133471,17.714914888119132,17.714914888119132,17.714914888119132,18.678952117269958,Fail ,
15.157592197472677,15.445593418066442,13.32206666549804,15.157592197472677,5.230012858133471,5.230012858133471,5.230012858133471,17.714914888119132,17.714914888119132,17.714914888119132,17.485875671026527,Fail ,
15.157592197472677,15.445593418066442,13.32206666549804,15.157592197472677,5.230012858133471,5.230012858133471,5.230012858133471,17.714914888119132,17.714914888119132,17.714914888119132,18.027857120148973,Fail ,
15.157592197472677,15.445593418066442,13.32206666549804,15.157592197472677,5.230012858133471,5.230012858133471,5.230012858133471,17.714914888119132,17.714914888119132,17.714914888119132,21.753903053801622,Fail ,
15.157592197472677,15.445593418066442,13.32206666549804,15.157592197472677,5.230012858133471,5.230012858133471,5.230012858133471,17.714914888119132,17.714914888119132,17.714914888119132,20.57213618604256,Fail ,
15.157592197472677,15.445593418066442,13.32206666549804,15.157592197472677,5.230012858133471,5.230012858133471,5.230012858133471,17.714914888119132,17.714914888119132,17.714914888119132,20.31632601193958,Fail ,
15.157592197472677,15.445593418066442,13.32206666549804,15.157592197472677,5.230012858133471,5.230012858133471,5.230012858133471,17.714914888119132,17.714914888119132,17.714914888119132,20.601591078489488,Fail ,
15.157592197472677,15.445593418066442,13.32206666549804,15.157592197472677,5.230012858133471,5.230012858133471,5.230012858133471,17.714914888119132,17.714914888119132,17.714914888119132,21.18657843811063,Fail ,
15.157592197472677,15.445593418066442,13.32206666549804,15.157592197472677,5.230012858133471,5.230012858133471,5.230012858133471,17.714914888119132,17.714914888119132,17.714914888119132,19.652088397853024,Fail ,
15.157592197472677,15.445593418066442,13.32206666549804,15.157592197472677,5.230012858133471,5.230012858133471,5.230012858133471,17.714914888119132,17.714914888119132,17.714914888119132,18.490929902983467,Fail ,
15.157592197472677,15.445593418066442,13.32206666549804,15.157592197472677,5.230012858133471,5.230012858133471,5.230012858133471,17.714914888119132,17.714914888119132,17.714914888119132,20.34362008934231,Fail ,
15.157592197472677,15.445593418066442,13.32206666549804,15.157592197472677,5.230012858133471,5.230012858133471,5.230012858133471,17.714914888119132,17.714914888119132,17.714914888119132,21.592309712098956,Fail ,
15.157592197472677,15.445593418066442,13.32206666549804,15.157592197472677,5.230012858133471,5.230012858133471,5.230012858133471,17.714914888119132,17.714914888119132,17.714914888119132,20.63191712207968,Fail ,
15.157592197472677,15.445593418066442,13.32206666549804,15.157592197472677,5.230012858133471,5.230012858133471,5.230012858133471,17.714914888119132,17.714914888119132,17.714914888119132,22.556601309099,Fail ,
15.157592197472677,15.445593418066442,13.32206666549804,15.157592197472677,5.230012858133471,5.230012858133471,5.230012858133471,17.714914888119132,17.714914888119132,17.714914888119132,21.284717183724826,Fail ,
15.157592197472677,15.445593418066442,13.32206666549804,15.157592197472677,5.230012858133471,5.230012858133471,5.230012858133471,17.714914888119132,17.714914888119132,17.714914888119132,17.5163388225872,Fail ,
15.157592197472677,15.445593418066442,13.32206666549804,15.157592197472677,5.230012858133471,5.230012858133471,5.230012858133471,17.714914888119132,17.714914888119132,17.714914888119132,20.071054765426716,Fail ,
15.157592197472677,15.445593418066442,13.32206666549804,15.157592197472677,5.230012858133471,5.230012858133471,5.230012858133471,17.714914888119132,17.714914888119132,17.714914888119132,19.42711440093946,Fail ,
15.157592197472677,15.445593418066442,13.32206666549804,15.157592197472677,5.230012858133471,5.230012858133471,5.230012858133471,17.714914888119132,17.714914888119132,17.714914888119132,21.419196419654753,Fail ,
15.157592197472677,15.445593418066442,13.32206666549804,15.157592197472677,5.230012858133471,5.230012858133471,5.230012858133471,17.714914888119132,17.714914888119132,17.714914888119132,18.977629712414483,Fail ,
15.157592197472677,15.445593418066442,13.32206666549804,15.157592197472677,5.230012858133471,5.230012858133471,5.230012858133471,17.714914888119132,17.714914888119132,17.714914888119132,22.65791819567617,Fail ,
15.157592197472677,15.445593418066442,13.32206666549804,15.157592197472677,5.230012858133471,5.230012858133471,5.230012858133471,17.714914888119132,17.714914888119132,17.714914888119132,20.495261018135572,Fail ,
15.157592197472677,15.445593418066442,13.32206666549804,15.157592197472677,5.230012858133471,5.230012858133471,5.230012858133471,17.714914888119132,17.714914888119132,17.714914888119132,20.347960306242516,Fail ,
15.157592197472677,15.445593418066442,13.32206666549804,15.157592197472677,5.230012858133471,5.230012858133471,5.230012858133471,17.714914888119132,17.714914888119132,17.714914888119132,21.56593468765411,Fail ,
15.157592197472677,15.445593418066442,13.32206666549804,15.157592197472677,5.230012858133471,5.230012858133471,5.230012858133471,17.714914888119132,17.714914888119132,17.714914888119132,21.1347694741167,Fail ,
15.157592197472677,15.445593418066442,13.32206666549804,15.157592197472677,5.230012858133471,5.230012858133471,5.230012858133471,17.714914888119132,17.714914888119132,17.714914888119132,18.35017419079298,Fail ,
15.157592197472677,15.445593418066442,13.32206666549804,15.157592197472677,5.230012858133471,5.230012858133471,5.230012858133471,17.714914888119132,17.714914888119132,17.714914888119132,20.711908762946177,Fail ,
15.157592197472677,15.445593418066442,13.32206666549804,15.157592197472677,5.230012858133471,5.230012858133471,5.230012858133471,17.714914888119132,17.714914888119132,17.714914888119132,19.718825153146785,Fail ,
15.157592197472677,15.445593418066442,13.32206666549804,15.157592197472677,5.230012858133471,5.230012858133471,5.230012858133471,17.714914888119132,17.714914888119132,17.714914888119132,18.30716536428262,Fail ,
15.157592197472677,15.445593418066442,13.32206666549804,15.157592197472677,5.230012858133471,5.230012858133471,5.230012858133471,17.714914888119132,17.714914888119132,17.714914888119132,20.34757623753114,Fail ,
15.157592197472677,15.445593418066442,13.32206666549804,15.157592197472677,5.230012858133471,5.230012858133471,5.230012858133471,17.714914888119132,17.714914888119132,17.714914888119132,20.987694310271618,Fail ,
15.157592197472677,15.445593418066442,13.32206666549804,15.157592197472677,5.230012858133471,5.230012858133471,5.230012858133471,17.714914888119132,17.714914888119132,17.714914888119132,18.46428883690134,Fail ,
15.157592197472677,15.445593418066442,13.32206666549804,15.157592197472677,5.230012858133471,5.230012858133471,5.230012858133471,17.714914888119132,17.714914888119132,17.714914888119132,18.264458191209147,Fail ,
15.157592197472677,15.445593418066442,13.32206666549804,15.157592197472677,5.230012858133471,5.230012858133471,5.230012858133471,17.714914888119132,17.714914888119132,17.714914888119132,19.177800757904237,Fail ,
15.157592197472677,15.445593418066442,13.32206666549804,15.157592197472677,5.230012858133471,5.230012858133471,5.230012858133471,17.714914888119132,17.714914888119132,17.714914888119132,20.555470073991117,Fail ,
15.157592197472677,15.445593418066442,13.32206666549804,15.157592197472677,5.230012858133471,5.230012858133471,5.230012858133471,17.714914888119132,17.714914888119132,17.714914888119132,22.370908330265205,Fail ,
15.157592197472677,15.445593418066442,13.32206666549804,15.157592197472677,5.230012858133471,5.230012858133471,5.230012858133471,17.714914888119132,17.714914888119132,17.714914888119132,22.030034879733115,Fail ,
15.157592197472677,15.445593418066442,13.32206666549804,15.157592197472677,5.230012858133471,5.230012858133471,5.230012858133471,17.714914888119132,17.714914888119132,17.714914888119132,22.007852222568392,Fail ,
15.157592197472677,15.445593418066442,13.32206666549804,15.157592197472677,5.230012858133471,5.230012858133471,5.230012858133471,17.714914888119132,17.714914888119132,17.714914888119132,19.97796613419772,Fail ,
15.157592197472677,15.445593418066442,13.32206666549804,15.157592197472677,5.230012858133471,5.230012858133471,5.230012858133471,17.714914888119132,17.714914888119132,17.714914888119132,21.869690943928553,Fail ,
15.157592197472677,15.445593418066442,13.32206666549804,15.157592197472677,5.230012858133471,5.230012858133471,5.230012858133471,17.714914888119132,17.714914888119132,17.714914888119132,22.177633320257204,Fail ,
15.157592197472677,15.445593418066442,13.32206666549804,15.157592197472677,5.230012858133471,5.230012858133471,5.230012858133471,17.714914888119132,17.714914888119132,17.714914888119132,19.27887768612283,Fail ,
15.157592197472677,15.445593418066442,13.32206666549804,15.157592197472677,5.230012858133471,5.230012858133471,5.230012858133471,17.714914888119132,17.714914888119132,17.714914888119132,18.742208557727423,Fail ,
15.157592197472677,15.445593418066442,13.32206666549804,15.157592197472677,5.230012858133471,5.230012858133471,5.230012858133471,17.714914888119132,17.714914888119132,17.714914888119132,23.042445553969753,Fail ,
15.157592197472677,15.445593418066442,13.32206666549804,15.157592197472677,5.230012858133471,5.230012858133471,5.230012858133471,17.714914888119132,17.714914888119132,17.714914888119132,17.576833161846096,Fail ,
15.157592197472677,15.445593418066442,13.32206666549804,15.157592197472677,5.230012858133471,5.230012858133471,5.230012858133471,17.714914888119132,17.714914888119132,17.714914888119132,19.163260169771164,Fail ,
15.157592197472677,15.445593418066442,13.32206666549804,15.157592197472677,5.230012858133471,5.230012858133471,5.230012858133471,17.714914888119132,17.714914888119132,17.714914888119132,19.909845481201575,Fail ,
15.157592197472677,15.445593418066442,13.32206666549804,15.157592197472677,5.230012858133471,5.230012858133471,5.230012858133471,17.714914888119132,17.714914888119132,17.714914888119132,19.853065493280493,Fail ,
15.157592197472677,15.445593418066442,13.32206666549804,15.157592197472677,5.230012858133471,5.230012858133471,5.230012858133471,17.714914888119132,17.714914888119132,17.714914888119132,23.866921188300648,Fail ,
15.157592197472677,15.445593418066442,13.32206666549804,15.157592197472677,5.230012858133471,5.230012858133471,5.230012858133471,17.714914888119132,17.714914888119132,17.714914888119132,17.64787313455302,Fail ,
15.157592197472677,15.445593418066442,13.32206666549804,15.157592197472677,5.230012858133471,5.230012858133471,5.230012858133471,17.714914888119132,17.714914888119132,17.714914888119132,19.848931446429887,Fail ,
15.157592197472677,15.445593418066442,13.32206666549804,15.157592197472677,5.230012858133471,5.230012858133471,5.230012858133471,17.714914888119132,17.714914888119132,17.714914888119132,18.548669412702925,Fail ,
15.157592197472677,15.445593418066442,13.32206666549804,15.157592197472677,5.230012858133471,5.230012858133471,5.230012858133471,17.714914888119132,17.714914888119132,17.714914888119132,22.423305596612366,Fail ,
15.157592197472677,15.445593418066442,13.32206666549804,15.157592197472677,5.230012858133471,5.230012858133471,5.230012858133471,17.714914888119132,17.714914888119132,17.714914888119132,20.456686034476427,Fail ,
15.157592197472677,15.445593418066442,13.32206666549804,15.157592197472677,5.230012858133471,5.230012858133471,5.230012858133471,17.714914888119132,17.714914888119132,17.714914888119132,18.45461316517783,Fail ,
15.157592197472677,15.445593418066442,13.32206666549804,15.157592197472677,5.230012858133471,5.230012858133471,5.230012858133471,17.714914888119132,17.714914888119132,17.714914888119132,21.66213563783573,Fail ,
15.157592197472677,15.445593418066442,13.32206666549804,15.157592197472677,5.230012858133471,5.230012858133471,5.230012858133471,17.714914888119132,17.714914888119132,17.714914888119132,20.719641981611485,Fail ,
15.157592197472677,15.445593418066442,13.32206666549804,15.157592197472677,5.230012858133471,5.230012858133471,5.230012858133471,17.714914888119132,17.714914888119132,17.714914888119132,24.141509294457457,Fail ,
15.157592197472677,15.445593418066442,13.32206666549804,15.157592197472677,5.230012858133471,5.230012858133471,5.230012858133471,17.714914888119132,17.714914888119132,17.714914888119132,22.328892542360673,Fail ,
15.157592197472677,15.445593418066442,13.32206666549804,15.157592197472677,5.230012858133471,5.230012858133471,5.230012858133471,17.714914888119132,17.714914888119132,17.714914888119132,19.94269714669705,Fail ,
15.157592197472677,15.445593418066442,13.32206666549804,15.157592197472677,5.230012858133471,5.230012858133471,5.230012858133471,17.714914888119132,17.714914888119132,17.714914888119132,18.93534623307458,Fail ,
15.157592197472677,15.445593418066442,13.32206666549804,15.157592197472677,5.230012858133471,5.230012858133471,5.230012858133471,17.714914888119132,17.714914888119132,17.714914888119132,21.00770091767747,Fail ,
15.157592197472677,15.445593418066442,13.32206666549804,15.157592197472677,5.230012858133471,5.230012858133471,5.230012858133471,17.714914888119132,17.714914888119132,17.714914888119132,22.641274224744322,Fail ,
15.157592197472677,15.445593418066442,13.32206666549804,15.157592197472677,5.230012858133471,5.230012858133471,5.230012858133471,17.714914888119132,17.714914888119132,17.714914888119132,21.13777077970422,Fail ,
