W14X22, L = 360.0 in, slope = 0.020833333333333332 in/in, dead load = 6.944444444444444e-05 kip/in^2
zwlim AISC Appendix 2,zwlim DAMP,zwlim Proposed for ASCE 7,zwlim Neglect Ponding,dhnom Denver,dhnom New York,dhnom New Orleans,dh Denver,dh New York,dh New Orleans,dmax
15.157592197472677,15.445593418066442,13.32206666549804,15.157592197472677,8.255503972843936,8.255503972843936,8.255503972843936,16.341180171818614,16.341180171818614,16.341180171818614,22.043643224428262,Fail ,
15.157592197472677,15.445593418066442,13.32206666549804,15.157592197472677,8.255503972843936,8.255503972843936,8.255503972843936,16.341180171818614,16.341180171818614,16.341180171818614,19.257486029163903,Fail ,
15.157592197472677,15.445593418066442,13.32206666549804,15.157592197472677,8.255503972843936,8.255503972843936,8.255503972843936,16.341180171818614,16.341180171818614,16.341180171818614,18.52858246691052,Fail ,
15.157592197472677,15.445593418066442,13.32206666549804,15.157592197472677,8.255503972843936,8.255503972843936,8.255503972843936,16.341180171818614,16.341180171818614,16.341180171818614,21.762558525500303,Fail ,
15.157592197472677,15.445593418066442,13.32206666549804,15.157592197472677,8.255503972843936,8.255503972843936,8.255503972843936,16.341180171818614,16.341180171818614,16.341180171818614,18.27188662073765,Fail ,
15.157592197472677,15.445593418066442,13.32206666549804,15.157592197472677,8.255503972843936,8.255503972843936,8.255503972843936,16.341180171818614,16.341180171818614,16.341180171818614,26.922700115977367,Safe ,
15.157592197472677,15.445593418066442,13.32206666549804,15.157592197472677,8.255503972843936,8.255503972843936,8.255503972843936,16.341180171818614,16.341180171818614,16.341180171818614,20.338141809154177,Fail ,
15.157592197472677,15.445593418066442,13.32206666549804,15.157592197472677,8.255503972843936,8.255503972843936,8.255503972843936,16.341180171818614,16.341180171818614,16.341180171818614,18.44371275062594,Fail ,
15.157592197472677,15.445593418066442,13.32206666549804,15.157592197472677,8.255503972843936,8.255503972843936,8.255503972843936,16.341180171818614,16.341180171818614,16.341180171818614,21.2620965657632,Fail ,
15.157592197472677,15.445593418066442,13.32206666549804,15.157592197472677,8.255503972843936,8.255503972843936,8.255503972843936,16.341180171818614,16.341180171818614,16.341180171818614,19.98104515961705,Fail ,
15.157592197472677,15.445593418066442,13.32206666549804,15.157592197472677,8.255503972843936,8.255503972843936,8.255503972843936,16.341180171818614,16.341180171818614,16.341180171818614,17.62399200526752,Fail ,
15.157592197472677,15.445593418066442,13.32206666549804,15.157592197472677,8.255503972843936,8.255503972843936,8.255503972843936,16.341180171818614,16.341180171818614,16.341180171818614,17.01833319452767,Fail ,
15.157592197472677,15.445593418066442,13.32206666549804,15.157592197472677,8.255503972843936,8.255503972843936,8.255503972843936,16.341180171818614,16.341180171818614,16.341180171818614,21.455667645436797,Fail ,
15.157592197472677,15.445593418066442,13.32206666549804,15.157592197472677,8.255503972843936,8.255503972843936,8.255503972843936,16.341180171818614,16.341180171818614,16.341180171818614,18.85941199195072,Fail ,
15.157592197472677,15.445593418066442,13.32206666549804,15.157592197472677,8.255503972843936,8.255503972843936,8.255503972843936,16.341180171818614,16.341180171818614,16.341180171818614,21.853438041781658,Fail ,
15.157592197472677,15.445593418066442,13.32206666549804,15.157592197472677,8.255503972843936,8.255503972843936,8.255503972843936,16.341180171818614,16.341180171818614,16.341180171818614,19.85184804331858,Fail ,
15.157592197472677,15.445593418066442,13.32206666549804,15.157592197472677,8.255503972843936,8.255503972843936,8.255503972843936,16.341180171818614,16.341180171818614,16.341180171818614,20.51350600761263,Fail ,
15.157592197472677,15.445593418066442,13.32206666549804,15.157592197472677,8.255503972843936,8.255503972843936,8.255503972843936,16.341180171818614,16.341180171818614,16.341180171818614,22.44518110310792,Fail ,
15.157592197472677,15.445593418066442,13.32206666549804,15.157592197472677,8.255503972843936,8.255503972843936,8.255503972843936,16.341180171818614,16.341180171818614,16.341180171818614,18.382474540387246,Fail ,
15.157592197472677,15.445593418066442,13.32206666549804,15.157592197472677,8.255503972843936,8.255503972843936,8.255503972843936,16.341180171818614,16.341180171818614,16.341180171818614,19.326255115324408,Fail ,
15.157592197472677,15.445593418066442,13.32206666549804,15.157592197472677,8.255503972843936,8.255503972843936,8.255503972843936,16.341180171818614,16.341180171818614,16.341180171818614,18.298349527063515,Fail ,
15.157592197472677,15.445593418066442,13.32206666549804,15.157592197472677,8.255503972843936,8.255503972843936,8.255503972843936,16.341180171818614,16.341180171818614,16.341180171818614,21.68710666676224,Fail ,
15.157592197472677,15.445593418066442,13.32206666549804,15.157592197472677,8.255503972843936,8.255503972843936,8.255503972843936,16.341180171818614,16.341180171818614,16.341180171818614,22.56674849787579,Fail ,
15.157592197472677,15.445593418066442,13.32206666549804,15.157592197472677,8.255503972843936,8.255503972843936,8.255503972843936,16.341180171818614,16.341180171818614,16.341180171818614,20.08987405070197,Fail ,
15.157592197472677,15.445593418066442,13.32206666549804,15.157592197472677,8.255503972843936,8.255503972843936,8.255503972843936,16.341180171818614,16.341180171818614,16.341180171818614,19.20823151397493,Fail ,
15.157592197472677,15.445593418066442,13.32206666549804,15.157592197472677,8.255503972843936,8.255503972843936,8.255503972843936,16.341180171818614,16.341180171818614,16.341180171818614,16.94338907846515,Fail ,
15.157592197472677,15.445593418066442,13.32206666549804,15.157592197472677,8.255503972843936,8.255503972843936,8.255503972843936,16.341180171818614,16.341180171818614,16.341180171818614,21.15735904994508,Fail ,
15.157592197472677,15.445593418066442,13.32206666549804,15.157592197472677,8.255503972843936,8.255503972843936,8.255503972843936,16.341180171818614,16.341180171818614,16.341180171818614,20.846720615575823,Fail ,
15.157592197472677,15.445593418066442,13.32206666549804,15.157592197472677,8.255503972843936,8.255503972843936,8.255503972843936,16.341180171818614,16.341180171818614,16.341180171818614,18.46750724357744,Fail ,
15.157592197472677,15.445593418066442,13.32206666549804,15.157592197472677,8.255503972843936,8.255503972843936,8.255503972843936,16.341180171818614,16.341180171818614,16.341180171818614,23.289188336577382,Fail ,
15.157592197472677,15.445593418066442,13.32206666549804,15.157592197472677,8.255503972843936,8.255503972843936,8.255503972843936,16.341180171818614,16.341180171818614,16.341180171818614,20.46197987669286,Fail ,
15.157592197472677,15.445593418066442,13.32206666549804,15.157592197472677,8.255503972843936,8.255503972843936,8.255503972843936,16.341180171818614,16.341180171818614,16.341180171818614,21.190310858889863,Fail ,
15.157592197472677,15.445593418066442,13.32206666549804,15.157592197472677,8.255503972843936,8.255503972843936,8.255503972843936,16.341180171818614,16.341180171818614,16.341180171818614,19.02176653792378,Fail ,
15.157592197472677,15.445593418066442,13.32206666549804,15.157592197472677,8.255503972843936,8.255503972843936,8.255503972843936,16.341180171818614,16.341180171818614,16.341180171818614,22.608322494826403,Fail ,
15.157592197472677,15.445593418066442,13.32206666549804,15.157592197472677,8.255503972843936,8.255503972843936,8.255503972843936,16.341180171818614,16.341180171818614,16.341180171818614,21.505870927239506,Fail ,
15.157592197472677,15.445593418066442,13.32206666549804,15.157592197472677,8.255503972843936,8.255503972843936,8.255503972843936,16.341180171818614,16.341180171818614,16.341180171818614,18.39912185178737,Fail ,
15.157592197472677,15.445593418066442,13.32206666549804,15.157592197472677,8.255503972843936,8.255503972843936,8.255503972843936,16.341180171818614,16.341180171818614,16.341180171818614,20.815821734399318,Fail ,
15.157592197472677,15.445593418066442,13.32206666549804,15.157592197472677,8.255503972843936,8.255503972843936,8.255503972843936,16.341180171818614,16.341180171818614,16.341180171818614,21.163709945341633,Fail ,
15.157592197472677,15.445593418066442,13.32206666549804,15.157592197472677,8.255503972843936,8.255503972843936,8.255503972843936,16.341180171818614,16.341180171818614,16.341180171818614,22.05199787640286,Fail ,
15.157592197472677,15.445593418066442,13.32206666549804,15.157592197472677,8.255503972843936,8.255503972843936,8.255503972843936,16.341180171818614,16.341180171818614,16.341180171818614,17.820241926453562,Fail ,
15.157592197472677,15.445593418066442,13.32206666549804,15.157592197472677,8.255503972843936,8.255503972843936,8.255503972843936,16.341180171818614,16.341180171818614,16.341180171818614,22.520385524485082,Fail ,
15.157592197472677,15.445593418066442,13.32206666549804,15.157592197472677,8.255503972843936,8.255503972843936,8.255503972843936,16.341180171818614,16.341180171818614,16.341180171818614,19.03838066591391,Fail ,
15.157592197472677,15.445593418066442,13.32206666549804,15.157592197472677,8.255503972843936,8.255503972843936,8.255503972843936,16.341180171818614,16.341180171818614,16.341180171818614,19.98841464825961,Fail ,
15.157592197472677,15.445593418066442,13.32206666549804,15.157592197472677,8.255503972843936,8.255503972843936,8.255503972843936,16.341180171818614,16.341180171818614,16.341180171818614,19.507527564021963,Fail ,
15.157592197472677,15.445593418066442,13.32206666549804,15.157592197472677,8.255503972843936,8.255503972843936,8.255503972843936,16.341180171818614,16.341180171818614,16.341180171818614,22.261717356448557,Fail ,
15.157592197472677,15.445593418066442,13.32206666549804,15.157592197472677,8.255503972843936,8.255503972843936,8.255503972843936,16.341180171818614,16.341180171818614,16.341180171818614,17.414710379540736,Fail ,
15.157592197472677,15.445593418066442,13.32206666549804,15.157592197472677,8.255503972843936,8.255503972843936,8.255503972843936,16.341180171818614,16.341180171818614,16.341180171818614,20.328597802831986,Fail ,
15.157592197472677,15.445593418066442,13.32206666549804,15.157592197472677,8.255503972843936,8.255503972843936,8.255503972843936,16.341180171818614,16.341180171818614,16.341180171818614,19.021300335597996,Fail ,
15.157592197472677,15.445593418066442,13.32206666549804,15.157592197472677,8.255503972843936,8.255503972843936,8.255503972843936,16.341180171818614,16.341180171818614,16.341180171818614,20.384137322230757,Fail ,
15.157592197472677,15.445593418066442,13.32206666549804,15.157592197472677,8.255503972843936,8.255503972843936,8.255503972843936,16.341180171818614,16.341180171818614,16.341180171818614,18.58455165313961,Fail ,
15.157592197472677,15.445593418066442,13.32206666549804,15.157592197472677,8.255503972843936,8.255503972843936,8.255503972843936,16.341180171818614,16.341180171818614,16.341180171818614,21.719935593202045,Fail ,
15.157592197472677,15.445593418066442,13.32206666549804,15.157592197472677,8.255503972843936,8.255503972843936,8.255503972843936,16.341180171818614,16.341180171818614,16.341180171818614,16.330380927626976,Fail ,
15.157592197472677,15.445593418066442,13.32206666549804,15.157592197472677,8.255503972843936,8.255503972843936,8.255503972843936,16.341180171818614,16.341180171818614,16.341180171818614,20.440523961656314,Fail ,
15.157592197472677,15.445593418066442,13.32206666549804,15.157592197472677,8.255503972843936,8.255503972843936,8.255503972843936,16.341180171818614,16.341180171818614,16.341180171818614,19.005730723332952,Fail ,
15.157592197472677,15.445593418066442,13.32206666549804,15.157592197472677,8.255503972843936,8.255503972843936,8.255503972843936,16.341180171818614,16.341180171818614,16.341180171818614,23.166441236292744,Fail ,
15.157592197472677,15.445593418066442,13.32206666549804,15.157592197472677,8.255503972843936,8.255503972843936,8.255503972843936,16.341180171818614,16.341180171818614,16.341180171818614,18.90532980315257,Fail ,
15.157592197472677,15.445593418066442,13.32206666549804,15.157592197472677,8.255503972843936,8.255503972843936,8.255503972843936,16.341180171818614,16.341180171818614,16.341180171818614,19.99407553864381,Fail ,
15.157592197472677,15.445593418066442,13.32206666549804,15.157592197472677,8.255503972843936,8.255503972843936,8.255503972843936,16.341180171818614,16.341180171818614,16.341180171818614,18.872177774847167,Fail ,
15.157592197472677,15.445593418066442,13.32206666549804,15.157592197472677,8.255503972843936,8.255503972843936,8.255503972843936,16.341180171818614,16.341180171818614,16.341180171818614,17.093823996036214,Fail ,
15.157592197472677,15.445593418066442,13.32206666549804,15.157592197472677,8.255503972843936,8.255503972843936,8.255503972843936,16.341180171818614,16.341180171818614,16.341180171818614,20.660920214887252,Fail ,
15.157592197472677,15.445593418066442,13.32206666549804,15.157592197472677,8.255503972843936,8.255503972843936,8.255503972843936,16.341180171818614,16.341180171818614,16.341180171818614,19.14651308882528,Fail ,
15.157592197472677,15.445593418066442,13.32206666549804,15.157592197472677,8.255503972843936,8.255503972843936,8.255503972843936,16.341180171818614,16.341180171818614,16.341180171818614,23.892253895731645,Safe ,
15.157592197472677,15.445593418066442,13.32206666549804,15.157592197472677,8.255503972843936,8.255503972843936,8.255503972843936,16.341180171818614,16.341180171818614,16.341180171818614,19.912576310572238,Fail ,
15.157592197472677,15.445593418066442,13.32206666549804,15.157592197472677,8.255503972843936,8.255503972843936,8.255503972843936,16.341180171818614,16.341180171818614,16.341180171818614,18.09179042185125,Fail ,
15.157592197472677,15.445593418066442,13.32206666549804,15.157592197472677,8.255503972843936,8.255503972843936,8.255503972843936,16.341180171818614,16.341180171818614,16.341180171818614,21.23730946795779,Fail ,
15.157592197472677,15.445593418066442,13.32206666549804,15.157592197472677,8.255503972843936,8.255503972843936,8.255503972843936,16.341180171818614,16.341180171818614,16.341180171818614,17.600050611065043,Fail ,
15.157592197472677,15.445593418066442,13.32206666549804,15.157592197472677,8.255503972843936,8.255503972843936,8.255503972843936,16.341180171818614,16.341180171818614,16.341180171818614,20.427000182332574,Fail ,
15.157592197472677,15.445593418066442,13.32206666549804,15.157592197472677,8.255503972843936,8.255503972843936,8.255503972843936,16.341180171818614,16.341180171818614,16.341180171818614,19.38596536925798,Fail ,
15.157592197472677,15.445593418066442,13.32206666549804,15.157592197472677,8.255503972843936,8.255503972843936,8.255503972843936,16.341180171818614,16.341180171818614,16.341180171818614,21.531467447417672,Fail ,
15.157592197472677,15.445593418066442,13.32206666549804,15.157592197472677,8.255503972843936,8.255503972843936,8.255503972843936,16.341180171818614,16.341180171818614,16.341180171818614,24.620526315050792,Safe ,
15.157592197472677,15.445593418066442,13.32206666549804,15.157592197472677,8.255503972843936,8.255503972843936,8.255503972843936,16.341180171818614,16.341180171818614,16.341180171818614,20.52971808176056,Fail ,
15.157592197472677,15.445593418066442,13.32206666549804,15.157592197472677,8.255503972843936,8.255503972843936,8.255503972843936,16.341180171818614,16.341180171818614,16.341180171818614,19.23159039870615,Fail ,
15.157592197472677,15.445593418066442,13.32206666549804,15.157592197472677,8.255503972843936,8.255503972843936,8.255503972843936,16.341180171818614,16.341180171818614,16.341180171818614,20.854137474339396,Fail ,
15.157592197472677,15.445593418066442,13.32206666549804,15.157592197472677,8.255503972843936,8.255503972843936,8.255503972843936,16.341180171818614,16.341180171818614,16.341180171818614,20.004521275722265,Fail ,
15.157592197472677,15.445593418066442,13.32206666549804,15.157592197472677,8.255503972843936,8.255503972843936,8.255503972843936,16.341180171818614,16.341180171818614,16.341180171818614,19.14189361707094,Fail ,
15.157592197472677,15.445593418066442,13.32206666549804,15.157592197472677,8.255503972843936,8.255503972843936,8.255503972843936,16.341180171818614,16.341180171818614,16.341180171818614,25.457353202165645,Safe ,
15.157592197472677,15.445593418066442,13.32206666549804,15.157592197472677,8.255503972843936,8.255503972843936,8.255503972843936,16.341180171818614,16.341180171818614,16.341180171818614,23.210543150082025,Fail ,
15.157592197472677,15.445593418066442,13.32206666549804,15.157592197472677,8.255503972843936,8.255503972843936,8.255503972843936,16.341180171818614,16.341180171818614,16.341180171818614,21.389819740152795,Fail ,
15.157592197472677,15.445593418066442,13.32206666549804,15.157592197472677,8.255503972843936,8.255503972843936,8.255503972843936,16.341180171818614,16.341180171818614,16.341180171818614,19.741318922294134,Fail ,
15.157592197472677,15.445593418066442,13.32206666549804,15.157592197472677,8.255503972843936,8.255503972843936,8.255503972843936,16.341180171818614,16.341180171818614,16.341180171818614,20.245649118355956,Fail ,
15.157592197472677,15.445593418066442,13.32206666549804,15.157592197472677,8.255503972843936,8.255503972843936,8.255503972843936,16.341180171818614,16.341180171818614,16.341180171818614,20.749123480512257,Fail ,
15.157592197472677,15.445593418066442,13.32206666549804,15.157592197472677,8.255503972843936,8.255503972843936,8.255503972843936,16.341180171818614,16.341180171818614,16.341180171818614,23.340274906785204,Fail ,
15.157592197472677,15.445593418066442,13.32206666549804,15.157592197472677,8.255503972843936,8.255503972843936,8.255503972843936,16.341180171818614,16.341180171818614,16.341180171818614,19.26352281883379,Fail ,
15.157592197472677,15.445593418066442,13.32206666549804,15.157592197472677,8.255503972843936,8.255503972843936,8.255503972843936,16.341180171818614,16.341180171818614,16.341180171818614,20.49390423820743,Fail ,
15.157592197472677,15.445593418066442,13.32206666549804,15.157592197472677,8.255503972843936,8.255503972843936,8.255503972843936,16.341180171818614,16.341180171818614,16.341180171818614,21.301109822285458,Fail ,
15.157592197472677,15.445593418066442,13.32206666549804,15.157592197472677,8.255503972843936,8.255503972843936,8.255503972843936,16.341180171818614,16.341180171818614,16.341180171818614,23.328900286290455,Fail ,
15.157592197472677,15.445593418066442,13.32206666549804,15.157592197472677,8.255503972843936,8.255503972843936,8.255503972843936,16.341180171818614,16.341180171818614,16.341180171818614,19.28360946818196,Fail ,
15.157592197472677,15.445593418066442,13.32206666549804,15.157592197472677,8.255503972843936,8.255503972843936,8.255503972843936,16.341180171818614,16.341180171818614,16.341180171818614,20.317731495531724,Fail ,
15.157592197472677,15.445593418066442,13.32206666549804,15.157592197472677,8.255503972843936,8.255503972843936,8.255503972843936,16.341180171818614,16.341180171818614,16.341180171818614,22.60325944957173,Fail ,
15.157592197472677,15.445593418066442,13.32206666549804,15.157592197472677,8.255503972843936,8.255503972843936,8.255503972843936,16.341180171818614,16.341180171818614,16.341180171818614,20.315815562565742,Fail ,
15.157592197472677,15.445593418066442,13.32206666549804,15.157592197472677,8.255503972843936,8.255503972843936,8.255503972843936,16.341180171818614,16.341180171818614,16.341180171818614,19.494905407870373,Fail ,
15.157592197472677,15.445593418066442,13.32206666549804,15.157592197472677,8.255503972843936,8.255503972843936,8.255503972843936,16.341180171818614,16.341180171818614,16.341180171818614,23.84173480630616,Safe ,
15.157592197472677,15.445593418066442,13.32206666549804,15.157592197472677,8.255503972843936,8.255503972843936,8.255503972843936,16.341180171818614,16.341180171818614,16.341180171818614,23.466638365063034,Fail ,
15.157592197472677,15.445593418066442,13.32206666549804,15.157592197472677,8.255503972843936,8.255503972843936,8.255503972843936,16.341180171818614,16.341180171818614,16.341180171818614,19.395587077155596,Fail ,
15.157592197472677,15.445593418066442,13.32206666549804,15.157592197472677,8.255503972843936,8.255503972843936,8.255503972843936,16.341180171818614,16.341180171818614,16.341180171818614,19.23087925701142,Fail ,
15.157592197472677,15.445593418066442,13.32206666549804,15.157592197472677,8.255503972843936,8.255503972843936,8.255503972843936,16.341180171818614,16.341180171818614,16.341180171818614,21.961389186372223,Fail ,
15.157592197472677,15.445593418066442,13.32206666549804,15.157592197472677,8.255503972843936,8.255503972843936,8.255503972843936,16.341180171818614,16.341180171818614,16.341180171818614,19.98817732351528,Fail ,
15.157592197472677,15.445593418066442,13.32206666549804,15.157592197472677,8.255503972843936,8.255503972843936,8.255503972843936,16.341180171818614,16.341180171818614,16.341180171818614,18.761661404335026,Fail ,
15.157592197472677,15.445593418066442,13.32206666549804,15.157592197472677,8.255503972843936,8.255503972843936,8.255503972843936,16.341180171818614,16.341180171818614,16.341180171818614,18.822078601836683,Fail ,
15.157592197472677,15.445593418066442,13.32206666549804,15.157592197472677,8.255503972843936,8.255503972843936,8.255503972843936,16.341180171818614,16.341180171818614,16.341180171818614,21.58389744652635,Fail ,
15.157592197472677,15.445593418066442,13.32206666549804,15.157592197472677,8.255503972843936,8.255503972843936,8.255503972843936,16.341180171818614,16.341180171818614,16.341180171818614,19.894164242123168,Fail ,
15.157592197472677,15.445593418066442,13.32206666549804,15.157592197472677,8.255503972843936,8.255503972843936,8.255503972843936,16.341180171818614,16.341180171818614,16.341180171818614,19.987508874495248,Fail ,
15.157592197472677,15.445593418066442,13.32206666549804,15.157592197472677,8.255503972843936,8.255503972843936,8.255503972843936,16.341180171818614,16.341180171818614,16.341180171818614,19.58206379068261,Fail ,
15.157592197472677,15.445593418066442,13.32206666549804,15.157592197472677,8.255503972843936,8.255503972843936,8.255503972843936,16.341180171818614,16.341180171818614,16.341180171818614,18.967986667379467,Fail ,
15.157592197472677,15.445593418066442,13.32206666549804,15.157592197472677,8.255503972843936,8.255503972843936,8.255503972843936,16.341180171818614,16.341180171818614,16.341180171818614,16.144215998820346,Fail ,
15.157592197472677,15.445593418066442,13.32206666549804,15.157592197472677,8.255503972843936,8.255503972843936,8.255503972843936,16.341180171818614,16.341180171818614,16.341180171818614,16.935981405213877,Fail ,
15.157592197472677,15.445593418066442,13.32206666549804,15.157592197472677,8.255503972843936,8.255503972843936,8.255503972843936,16.341180171818614,16.341180171818614,16.341180171818614,19.97407388056824,Fail ,
15.157592197472677,15.445593418066442,13.32206666549804,15.157592197472677,8.255503972843936,8.255503972843936,8.255503972843936,16.341180171818614,16.341180171818614,16.341180171818614,22.951667643722324,Fail ,
15.157592197472677,15.445593418066442,13.32206666549804,15.157592197472677,8.255503972843936,8.255503972843936,8.255503972843936,16.341180171818614,16.341180171818614,16.341180171818614,21.856144279916947,Fail ,
15.157592197472677,15.445593418066442,13.32206666549804,15.157592197472677,8.255503972843936,8.255503972843936,8.255503972843936,16.341180171818614,16.341180171818614,16.341180171818614,20.56862158496627,Fail ,
15.157592197472677,15.445593418066442,13.32206666549804,15.157592197472677,8.255503972843936,8.255503972843936,8.255503972843936,16.341180171818614,16.341180171818614,16.341180171818614,15.414189349041783,Fail ,
15.157592197472677,15.445593418066442,13.32206666549804,15.157592197472677,8.255503972843936,8.255503972843936,8.255503972843936,16.341180171818614,16.341180171818614,16.341180171818614,19.794564122843756,Fail ,
15.157592197472677,15.445593418066442,13.32206666549804,15.157592197472677,8.255503972843936,8.255503972843936,8.255503972843936,16.341180171818614,16.341180171818614,16.341180171818614,20.116916435855995,Fail ,
15.157592197472677,15.445593418066442,13.32206666549804,15.157592197472677,8.255503972843936,8.255503972843936,8.255503972843936,16.341180171818614,16.341180171818614,16.341180171818614,21.89076071664169,Fail ,
15.157592197472677,15.445593418066442,13.32206666549804,15.157592197472677,8.255503972843936,8.255503972843936,8.255503972843936,16.341180171818614,16.341180171818614,16.341180171818614,18.58566628566347,Fail ,
15.157592197472677,15.445593418066442,13.32206666549804,15.157592197472677,8.255503972843936,8.255503972843936,8.255503972843936,16.341180171818614,16.341180171818614,16.341180171818614,18.352747228517597,Fail ,
15.157592197472677,15.445593418066442,13.32206666549804,15.157592197472677,8.255503972843936,8.255503972843936,8.255503972843936,16.341180171818614,16.341180171818614,16.341180171818614,18.2015411410207,Fail ,
15.157592197472677,15.445593418066442,13.32206666549804,15.157592197472677,8.255503972843936,8.255503972843936,8.255503972843936,16.341180171818614,16.341180171818614,16.341180171818614,19.641233446695512,Fail ,
15.157592197472677,15.445593418066442,13.32206666549804,15.157592197472677,8.255503972843936,8.255503972843936,8.255503972843936,16.341180171818614,16.341180171818614,16.341180171818614,22.120479845319043,Fail ,
15.157592197472677,15.445593418066442,13.32206666549804,15.157592197472677,8.255503972843936,8.255503972843936,8.255503972843936,16.341180171818614,16.341180171818614,16.341180171818614,21.13326236291788,Fail ,
15.157592197472677,15.445593418066442,13.32206666549804,15.157592197472677,8.255503972843936,8.255503972843936,8.255503972843936,16.341180171818614,16.341180171818614,16.341180171818614,20.5515958863004,Fail ,
15.157592197472677,15.445593418066442,13.32206666549804,15.157592197472677,8.255503972843936,8.255503972843936,8.255503972843936,16.341180171818614,16.341180171818614,16.341180171818614,20.661143204685448,Fail ,
15.157592197472677,15.445593418066442,13.32206666549804,15.157592197472677,8.255503972843936,8.255503972843936,8.255503972843936,16.341180171818614,16.341180171818614,16.341180171818614,19.863538345752097,Fail ,
15.157592197472677,15.445593418066442,13.32206666549804,15.157592197472677,8.255503972843936,8.255503972843936,8.255503972843936,16.341180171818614,16.341180171818614,16.341180171818614,20.222305645246983,Fail ,
15.157592197472677,15.445593418066442,13.32206666549804,15.157592197472677,8.255503972843936,8.255503972843936,8.255503972843936,16.341180171818614,16.341180171818614,16.341180171818614,22.116432962318704,Fail ,
15.157592197472677,15.445593418066442,13.32206666549804,15.157592197472677,8.255503972843936,8.255503972843936,8.255503972843936,16.341180171818614,16.341180171818614,16.341180171818614,18.94744026125853,Fail ,
15.157592197472677,15.445593418066442,13.32206666549804,15.157592197472677,8.255503972843936,8.255503972843936,8.255503972843936,16.341180171818614,16.341180171818614,16.341180171818614,22.36616367423489,Fail ,
15.157592197472677,15.445593418066442,13.32206666549804,15.157592197472677,8.255503972843936,8.255503972843936,8.255503972843936,16.341180171818614,16.341180171818614,16.341180171818614,18.629582244956477,Fail ,
15.157592197472677,15.445593418066442,13.32206666549804,15.157592197472677,8.255503972843936,8.255503972843936,8.255503972843936,16.341180171818614,16.341180171818614,16.341180171818614,20.275191353189932,Fail ,
15.157592197472677,15.445593418066442,13.32206666549804,15.157592197472677,8.255503972843936,8.255503972843936,8.255503972843936,16.341180171818614,16.341180171818614,16.341180171818614,22.336428495221057,Fail ,
15.157592197472677,15.445593418066442,13.32206666549804,15.157592197472677,8.255503972843936,8.255503972843936,8.255503972843936,16.341180171818614,16.341180171818614,16.341180171818614,16.759721109043618,Fail ,
15.157592197472677,15.445593418066442,13.32206666549804,15.157592197472677,8.255503972843936,8.255503972843936,8.255503972843936,16.341180171818614,16.341180171818614,16.341180171818614,20.757902705218964,Fail ,
15.157592197472677,15.445593418066442,13.32206666549804,15.157592197472677,8.255503972843936,8.255503972843936,8.255503972843936,16.341180171818614,16.341180171818614,16.341180171818614,23.543935056478333,Safe ,
15.157592197472677,15.445593418066442,13.32206666549804,15.157592197472677,8.255503972843936,8.255503972843936,8.255503972843936,16.341180171818614,16.341180171818614,16.341180171818614,23.80719395270333,Safe ,
15.157592197472677,15.445593418066442,13.32206666549804,15.157592197472677,8.255503972843936,8.255503972843936,8.255503972843936,16.341180171818614,16.341180171818614,16.341180171818614,20.442480449301023,Fail ,
15.157592197472677,15.445593418066442,13.32206666549804,15.157592197472677,8.255503972843936,8.255503972843936,8.255503972843936,16.341180171818614,16.341180171818614,16.341180171818614,22.79215781617099,Fail ,
15.157592197472677,15.445593418066442,13.32206666549804,15.157592197472677,8.255503972843936,8.255503972843936,8.255503972843936,16.341180171818614,16.341180171818614,16.341180171818614,19.242517073025635,Fail ,
15.157592197472677,15.445593418066442,13.32206666549804,15.157592197472677,8.255503972843936,8.255503972843936,8.255503972843936,16.341180171818614,16.341180171818614,16.341180171818614,18.680118812235552,Fail ,
15.157592197472677,15.445593418066442,13.32206666549804,15.157592197472677,8.255503972843936,8.255503972843936,8.255503972843936,16.341180171818614,16.341180171818614,16.341180171818614,17.487599648803123,Fail ,
15.157592197472677,15.445593418066442,13.32206666549804,15.157592197472677,8.255503972843936,8.255503972843936,8.255503972843936,16.341180171818614,16.341180171818614,16.341180171818614,18.029372227061664,Fail ,
15.157592197472677,15.445593418066442,13.32206666549804,15.157592197472677,8.255503972843936,8.255503972843936,8.255503972843936,16.341180171818614,16.341180171818614,16.341180171818614,21.755129487439504,Fail ,
15.157592197472677,15.445593418066442,13.32206666549804,15.157592197472677,8.255503972843936,8.255503972843936,8.255503972843936,16.341180171818614,16.341180171818614,16.341180171818614,20.573398136570415,Fail ,
15.157592197472677,15.445593418066442,13.32206666549804,15.157592197472677,8.255503972843936,8.255503972843936,8.255503972843936,16.341180171818614,16.341180171818614,16.341180171818614,20.317737476997067,Fail ,
15.157592197472677,15.445593418066442,13.32206666549804,15.157592197472677,8.255503972843936,8.255503972843936,8.255503972843936,16.341180171818614,16.341180171818614,16.341180171818614,20.60276251927751,Fail ,
15.157592197472677,15.445593418066442,13.32206666549804,15.157592197472677,8.255503972843936,8.255503972843936,8.255503972843936,16.341180171818614,16.341180171818614,16.341180171818614,21.187759602914355,Fail ,
15.157592197472677,15.445593418066442,13.32206666549804,15.157592197472677,8.255503972843936,8.255503972843936,8.255503972843936,16.341180171818614,16.341180171818614,16.341180171818614,19.653286612146438,Fail ,
15.157592197472677,15.445593418066442,13.32206666549804,15.157592197472677,8.255503972843936,8.255503972843936,8.255503972843936,16.341180171818614,16.341180171818614,16.341180171818614,18.49240874806057,Fail ,
15.157592197472677,15.445593418066442,13.32206666549804,15.157592197472677,8.255503972843936,8.255503972843936,8.255503972843936,16.341180171818614,16.341180171818614,16.341180171818614,20.344847542624404,Fail ,
15.157592197472677,15.445593418066442,13.32206666549804,15.157592197472677,8.255503972843936,8.255503972843936,8.255503972843936,16.341180171818614,16.341180171818614,16.341180171818614,21.593461148600902,Fail ,
15.157592197472677,15.445593418066442,13.32206666549804,15.157592197472677,8.255503972843936,8.255503972843936,8.255503972843936,16.341180171818614,16.341180171818614,16.341180171818614,20.633110257477284,Fail ,
15.157592197472677,15.445593418066442,13.32206666549804,15.157592197472677,8.255503972843936,8.255503972843936,8.255503972843936,16.341180171818614,16.341180171818614,16.341180171818614,22.557692100262063,Fail ,
15.157592197472677,15.445593418066442,13.32206666549804,15.157592197472677,8.255503972843936,8.255503972843936,8.255503972843936,16.341180171818614,16.341180171818614,16.341180171818614,21.28587220434176,Fail ,
15.157592197472677,15.445593418066442,13.32206666549804,15.157592197472677,8.255503972843936,8.255503972843936,8.255503972843936,16.341180171818614,16.341180171818614,16.341180171818614,17.517908133352066,Fail ,
15.157592197472677,15.445593418066442,13.32206666549804,15.157592197472677,8.255503972843936,8.255503972843936,8.255503972843936,16.341180171818614,16.341180171818614,16.341180171818614,20.072239958517184,Fail ,
15.157592197472677,15.445593418066442,13.32206666549804,15.157592197472677,8.255503972843936,8.255503972843936,8.255503972843936,16.341180171818614,16.341180171818614,16.341180171818614,19.428378119659822,Fail ,
15.157592197472677,15.445593418066442,13.32206666549804,15.157592197472677,8.255503972843936,8.255503972843936,8.255503972843936,16.341180171818614,16.341180171818614,16.341180171818614,21.420440354103714,Fail ,
15.157592197472677,15.445593418066442,13.32206666549804,15.157592197472677,8.255503972843936,8.255503972843936,8.255503972843936,16.341180171818614,16.341180171818614,16.341180171818614,18.979011309490165,Fail ,
15.157592197472677,15.445593418066442,13.32206666549804,15.157592197472677,8.255503972843936,8.255503972843936,8.255503972843936,16.341180171818614,16.341180171818614,16.341180171818614,22.659048953911675,Fail ,
15.157592197472677,15.445593418066442,13.32206666549804,15.157592197472677,8.255503972843936,8.255503972843936,8.255503972843936,16.341180171818614,16.341180171818614,16.341180171818614,20.496439348717743,Fail ,
15.157592197472677,15.445593418066442,13.32206666549804,15.157592197472677,8.255503972843936,8.255503972843936,8.255503972843936,16.341180171818614,16.341180171818614,16.341180171818614,20.34913927483501,Fail ,
15.157592197472677,15.445593418066442,13.32206666549804,15.157592197472677,8.255503972843936,8.255503972843936,8.255503972843936,16.341180171818614,16.341180171818614,16.341180171818614,21.567107098136315,Fail ,
15.157592197472677,15.445593418066442,13.32206666549804,15.157592197472677,8.255503972843936,8.255503972843936,8.255503972843936,16.341180171818614,16.341180171818614,16.341180171818614,21.135941105782024,Fail ,
15.157592197472677,15.445593418066442,13.32206666549804,15.157592197472677,8.255503972843936,8.255503972843936,8.255503972843936,16.341180171818614,16.341180171818614,16.341180171818614,18.351675941017447,Fail ,
15.157592197472677,15.445593418066442,13.32206666549804,15.157592197472677,8.255503972843936,8.255503972843936,8.255503972843936,16.341180171818614,16.341180171818614,16.341180171818614,20.713071518313193,Fail ,
15.157592197472677,15.445593418066442,13.32206666549804,15.157592197472677,8.255503972843936,8.255503972843936,8.255503972843936,16.341180171818614,16.341180171818614,16.341180171818614,19.720104440223338,Fail ,
15.157592197472677,15.445593418066442,13.32206666549804,15.157592197472677,8.255503972843936,8.255503972843936,8.255503972843936,16.341180171818614,16.341180171818614,16.341180171818614,18.308654716186087,Fail ,
15.157592197472677,15.445593418066442,13.32206666549804,15.157592197472677,8.255503972843936,8.255503972843936,8.255503972843936,16.341180171818614,16.341180171818614,16.341180171818614,20.348770665768836,Fail ,
15.157592197472677,15.445593418066442,13.32206666549804,15.157592197472677,8.255503972843936,8.255503972843936,8.255503972843936,16.341180171818614,16.341180171818614,16.341180171818614,20.988855831187543,Fail ,
15.157592197472677,15.445593418066442,13.32206666549804,15.157592197472677,8.255503972843936,8.255503972843936,8.255503972843936,16.341180171818614,16.341180171818614,16.341180171818614,18.46571910071485,Fail ,
15.157592197472677,15.445593418066442,13.32206666549804,15.157592197472677,8.255503972843936,8.255503972843936,8.255503972843936,16.341180171818614,16.341180171818614,16.341180171818614,18.26565509041272,Fail ,
15.157592197472677,15.445593418066442,13.32206666549804,15.157592197472677,8.255503972843936,8.255503972843936,8.255503972843936,16.341180171818614,16.341180171818614,16.341180171818614,19.17935402802589,Fail ,
15.157592197472677,15.445593418066442,13.32206666549804,15.157592197472677,8.255503972843936,8.255503972843936,8.255503972843936,16.341180171818614,16.341180171818614,16.341180171818614,20.556723528320877,Fail ,
15.157592197472677,15.445593418066442,13.32206666549804,15.157592197472677,8.255503972843936,8.255503972843936,8.255503972843936,16.341180171818614,16.341180171818614,16.341180171818614,22.372121169394084,Fail ,
15.157592197472677,15.445593418066442,13.32206666549804,15.157592197472677,8.255503972843936,8.255503972843936,8.255503972843936,16.341180171818614,16.341180171818614,16.341180171818614,22.03126597853298,Fail ,
15.157592197472677,15.445593418066442,13.32206666549804,15.157592197472677,8.255503972843936,8.255503972843936,8.255503972843936,16.341180171818614,16.341180171818614,16.341180171818614,22.008982702417082,Fail ,
15.157592197472677,15.445593418066442,13.32206666549804,15.157592197472677,8.255503972843936,8.255503972843936,8.255503972843936,16.341180171818614,16.341180171818614,16.341180171818614,19.97912294524053,Fail ,
15.157592197472677,15.445593418066442,13.32206666549804,15.157592197472677,8.255503972843936,8.255503972843936,8.255503972843936,16.341180171818614,16.341180171818614,16.341180171818614,21.870848232575113,Fail ,
15.157592197472677,15.445593418066442,13.32206666549804,15.157592197472677,8.255503972843936,8.255503972843936,8.255503972843936,16.341180171818614,16.341180171818614,16.341180171818614,22.17877056052095,Fail ,
15.157592197472677,15.445593418066442,13.32206666549804,15.157592197472677,8.255503972843936,8.255503972843936,8.255503972843936,16.341180171818614,16.341180171818614,16.341180171818614,19.280165258065555,Fail ,
15.157592197472677,15.445593418066442,13.32206666549804,15.157592197472677,8.255503972843936,8.255503972843936,8.255503972843936,16.341180171818614,16.341180171818614,16.341180171818614,18.743451515445763,Fail ,
15.157592197472677,15.445593418066442,13.32206666549804,15.157592197472677,8.255503972843936,8.255503972843936,8.255503972843936,16.341180171818614,16.341180171818614,16.341180171818614,23.043617904271976,Fail ,
15.157592197472677,15.445593418066442,13.32206666549804,15.157592197472677,8.255503972843936,8.255503972843936,8.255503972843936,16.341180171818614,16.341180171818614,16.341180171818614,17.578422497803725,Fail ,
15.157592197472677,15.445593418066442,13.32206666549804,15.157592197472677,8.255503972843936,8.255503972843936,8.255503972843936,16.341180171818614,16.341180171818614,16.341180171818614,19.16479845638362,Fail ,
15.157592197472677,15.445593418066442,13.32206666549804,15.157592197472677,8.255503972843936,8.255503972843936,8.255503972843936,16.341180171818614,16.341180171818614,16.341180171818614,19.91138362317666,Fail ,
15.157592197472677,15.445593418066442,13.32206666549804,15.157592197472677,8.255503972843936,8.255503972843936,8.255503972843936,16.341180171818614,16.341180171818614,16.341180171818614,19.854394555701646,Fail ,
15.157592197472677,15.445593418066442,13.32206666549804,15.157592197472677,8.255503972843936,8.255503972843936,8.255503972843936,16.341180171818614,16.341180171818614,16.341180171818614,23.868025209121075,Safe ,
15.157592197472677,15.445593418066442,13.32206666549804,15.157592197472677,8.255503972843936,8.255503972843936,8.255503972843936,16.341180171818614,16.341180171818614,16.341180171818614,17.649712735280456,Fail ,
15.157592197472677,15.445593418066442,13.32206666549804,15.157592197472677,8.255503972843936,8.255503972843936,8.255503972843936,16.341180171818614,16.341180171818614,16.341180171818614,19.850191788043375,Fail ,
15.157592197472677,15.445593418066442,13.32206666549804,15.157592197472677,8.255503972843936,8.255503972843936,8.255503972843936,16.341180171818614,16.341180171818614,16.341180171818614,18.54992658589848,Fail ,
15.157592197472677,15.445593418066442,13.32206666549804,15.157592197472677,8.255503972843936,8.255503972843936,8.255503972843936,16.341180171818614,16.341180171818614,16.341180171818614,22.42442772382279,Fail ,
15.157592197472677,15.445593418066442,13.32206666549804,15.157592197472677,8.255503972843936,8.255503972843936,8.255503972843936,16.341180171818614,16.341180171818614,16.341180171818614,20.457861260107073,Fail ,
15.157592197472677,15.445593418066442,13.32206666549804,15.157592197472677,8.255503972843936,8.255503972843936,8.255503972843936,16.341180171818614,16.341180171818614,16.341180171818614,18.456124037568376,Fail ,
15.157592197472677,15.445593418066442,13.32206666549804,15.157592197472677,8.255503972843936,8.255503972843936,8.255503972843936,16.341180171818614,16.341180171818614,16.341180171818614,21.66326549266951,Fail ,
15.157592197472677,15.445593418066442,13.32206666549804,15.157592197472677,8.255503972843936,8.255503972843936,8.255503972843936,16.341180171818614,16.341180171818614,16.341180171818614,20.720835132123774,Fail ,
15.157592197472677,15.445593418066442,13.32206666549804,15.157592197472677,8.255503972843936,8.255503972843936,8.255503972843936,16.341180171818614,16.341180171818614,16.341180171818614,24.142618230737703,Safe ,
15.157592197472677,15.445593418066442,13.32206666549804,15.157592197472677,8.255503972843936,8.255503972843936,8.255503972843936,16.341180171818614,16.341180171818614,16.341180171818614,22.33000337040171,Fail ,
15.157592197472677,15.445593418066442,13.32206666549804,15.157592197472677,8.255503972843936,8.255503972843936,8.255503972843936,16.341180171818614,16.341180171818614,16.341180171818614,19.943882040853094,Fail ,
15.157592197472677,15.445593418066442,13.32206666549804,15.157592197472677,8.255503972843936,8.255503972843936,8.255503972843936,16.341180171818614,16.341180171818614,16.341180171818614,18.936785288222264,Fail ,
15.157592197472677,15.445593418066442,13.32206666549804,15.157592197472677,8.255503972843936,8.255503972843936,8.255503972843936,16.341180171818614,16.341180171818614,16.341180171818614,21.008956131043703,Fail ,
15.157592197472677,15.445593418066442,13.32206666549804,15.157592197472677,8.255503972843936,8.255503972843936,8.255503972843936,16.341180171818614,16.341180171818614,16.341180171818614,22.642406638396213,Fail ,
15.157592197472677,15.445593418066442,13.32206666549804,15.157592197472677,8.255503972843936,8.255503972843936,8.255503972843936,16.341180171818614,16.341180171818614,16.341180171818614,21.138939546466034,Fail ,
