W14X22, L = 360.0 in, slope = 0.020833333333333332 in/in, dead load = 6.944444444444444e-05 kip/in^2
zwlim AISC Appendix 2,zwlim DAMP,zwlim Proposed for ASCE 7,zwlim Neglect Ponding,dhnom Denver,dhnom New York,dhnom New Orleans,dh Denver,dh New York,dh New Orleans,dmax
15.157592197472677,15.445593418066442,13.32206666549804,15.157592197472677,6.215767460619824,6.215767460619824,6.215767460619824,12.675601085414224,12.675601085414224,12.675601085414224,22.046160104317984,Safe ,
15.157592197472677,15.445593418066442,13.32206666549804,15.157592197472677,6.215767460619824,6.215767460619824,6.215767460619824,12.675601085414224,12.675601085414224,12.675601085414224,19.26025572378295,Fail ,
15.157592197472677,15.445593418066442,13.32206666549804,15.157592197472677,6.215767460619824,6.215767460619824,6.215767460619824,12.675601085414224,12.675601085414224,12.675601085414224,18.53152951101907,Fail ,
15.157592197472677,15.445593418066442,13.32206666549804,15.157592197472677,6.215767460619824,6.215767460619824,6.215767460619824,12.675601085414224,12.675601085414224,12.675601085414224,21.76523307208618,Fail ,
15.157592197472677,15.445593418066442,13.32206666549804,15.157592197472677,6.215767460619824,6.215767460619824,6.215767460619824,12.675601085414224,12.675601085414224,12.675601085414224,18.274775413366125,Fail ,
15.157592197472677,15.445593418066442,13.32206666549804,15.157592197472677,6.215767460619824,6.215767460619824,6.215767460619824,12.675601085414224,12.675601085414224,12.675601085414224,26.924612678750623,Safe ,
15.157592197472677,15.445593418066442,13.32206666549804,15.157592197472677,6.215767460619824,6.215767460619824,6.215767460619824,12.675601085414224,12.675601085414224,12.675601085414224,20.340699649198157,Fail ,
15.157592197472677,15.445593418066442,13.32206666549804,15.157592197472677,6.215767460619824,6.215767460619824,6.215767460619824,12.675601085414224,12.675601085414224,12.675601085414224,18.44647474279908,Fail ,
15.157592197472677,15.445593418066442,13.32206666549804,15.157592197472677,6.215767460619824,6.215767460619824,6.215767460619824,12.675601085414224,12.675601085414224,12.675601085414224,21.264618215890472,Fail ,
15.157592197472677,15.445593418066442,13.32206666549804,15.157592197472677,6.215767460619824,6.215767460619824,6.215767460619824,12.675601085414224,12.675601085414224,12.675601085414224,19.983695935317773,Fail ,
15.157592197472677,15.445593418066442,13.32206666549804,15.157592197472677,6.215767460619824,6.215767460619824,6.215767460619824,12.675601085414224,12.675601085414224,12.675601085414224,17.627046747244485,Fail ,
15.157592197472677,15.445593418066442,13.32206666549804,15.157592197472677,6.215767460619824,6.215767460619824,6.215767460619824,12.675601085414224,12.675601085414224,12.675601085414224,17.02175040999952,Fail ,
15.157592197472677,15.445593418066442,13.32206666549804,15.157592197472677,6.215767460619824,6.215767460619824,6.215767460619824,12.675601085414224,12.675601085414224,12.675601085414224,21.45812076338272,Fail ,
15.157592197472677,15.445593418066442,13.32206666549804,15.157592197472677,6.215767460619824,6.215767460619824,6.215767460619824,12.675601085414224,12.675601085414224,12.675601085414224,18.862163062348348,Fail ,
15.157592197472677,15.445593418066442,13.32206666549804,15.157592197472677,6.215767460619824,6.215767460619824,6.215767460619824,12.675601085414224,12.675601085414224,12.675601085414224,21.855946093654143,Fail ,
15.157592197472677,15.445593418066442,13.32206666549804,15.157592197472677,6.215767460619824,6.215767460619824,6.215767460619824,12.675601085414224,12.675601085414224,12.675601085414224,19.8545542807168,Fail ,
15.157592197472677,15.445593418066442,13.32206666549804,15.157592197472677,6.215767460619824,6.215767460619824,6.215767460619824,12.675601085414224,12.675601085414224,12.675601085414224,20.516049813962958,Fail ,
15.157592197472677,15.445593418066442,13.32206666549804,15.157592197472677,6.215767460619824,6.215767460619824,6.215767460619824,12.675601085414224,12.675601085414224,12.675601085414224,22.447501007253823,Safe ,
15.157592197472677,15.445593418066442,13.32206666549804,15.157592197472677,6.215767460619824,6.215767460619824,6.215767460619824,12.675601085414224,12.675601085414224,12.675601085414224,18.385914668281004,Fail ,
15.157592197472677,15.445593418066442,13.32206666549804,15.157592197472677,6.215767460619824,6.215767460619824,6.215767460619824,12.675601085414224,12.675601085414224,12.675601085414224,19.329157307796844,Fail ,
15.157592197472677,15.445593418066442,13.32206666549804,15.157592197472677,6.215767460619824,6.215767460619824,6.215767460619824,12.675601085414224,12.675601085414224,12.675601085414224,18.30112869179319,Fail ,
15.157592197472677,15.445593418066442,13.32206666549804,15.157592197472677,6.215767460619824,6.215767460619824,6.215767460619824,12.675601085414224,12.675601085414224,12.675601085414224,21.68962663339385,Fail ,
15.157592197472677,15.445593418066442,13.32206666549804,15.157592197472677,6.215767460619824,6.215767460619824,6.215767460619824,12.675601085414224,12.675601085414224,12.675601085414224,22.568947912506015,Safe ,
15.157592197472677,15.445593418066442,13.32206666549804,15.157592197472677,6.215767460619824,6.215767460619824,6.215767460619824,12.675601085414224,12.675601085414224,12.675601085414224,20.092576134396214,Fail ,
15.157592197472677,15.445593418066442,13.32206666549804,15.157592197472677,6.215767460619824,6.215767460619824,6.215767460619824,12.675601085414224,12.675601085414224,12.675601085414224,19.210983618999023,Fail ,
15.157592197472677,15.445593418066442,13.32206666549804,15.157592197472677,6.215767460619824,6.215767460619824,6.215767460619824,12.675601085414224,12.675601085414224,12.675601085414224,16.94689544928762,Fail ,
15.157592197472677,15.445593418066442,13.32206666549804,15.157592197472677,6.215767460619824,6.215767460619824,6.215767460619824,12.675601085414224,12.675601085414224,12.675601085414224,21.159901073113005,Fail ,
15.157592197472677,15.445593418066442,13.32206666549804,15.157592197472677,6.215767460619824,6.215767460619824,6.215767460619824,12.675601085414224,12.675601085414224,12.675601085414224,20.8492367866066,Fail ,
15.157592197472677,15.445593418066442,13.32206666549804,15.157592197472677,6.215767460619824,6.215767460619824,6.215767460619824,12.675601085414224,12.675601085414224,12.675601085414224,18.47055780269423,Fail ,
15.157592197472677,15.445593418066442,13.32206666549804,15.157592197472677,6.215767460619824,6.215767460619824,6.215767460619824,12.675601085414224,12.675601085414224,12.675601085414224,23.291258814080546,Safe ,
15.157592197472677,15.445593418066442,13.32206666549804,15.157592197472677,6.215767460619824,6.215767460619824,6.215767460619824,12.675601085414224,12.675601085414224,12.675601085414224,20.4646518752198,Fail ,
15.157592197472677,15.445593418066442,13.32206666549804,15.157592197472677,6.215767460619824,6.215767460619824,6.215767460619824,12.675601085414224,12.675601085414224,12.675601085414224,21.192772520548207,Fail ,
15.157592197472677,15.445593418066442,13.32206666549804,15.157592197472677,6.215767460619824,6.215767460619824,6.215767460619824,12.675601085414224,12.675601085414224,12.675601085414224,19.02451601939281,Fail ,
15.157592197472677,15.445593418066442,13.32206666549804,15.157592197472677,6.215767460619824,6.215767460619824,6.215767460619824,12.675601085414224,12.675601085414224,12.675601085414224,22.610535648773112,Safe ,
15.157592197472677,15.445593418066442,13.32206666549804,15.157592197472677,6.215767460619824,6.215767460619824,6.215767460619824,12.675601085414224,12.675601085414224,12.675601085414224,21.508426374633355,Fail ,
15.157592197472677,15.445593418066442,13.32206666549804,15.157592197472677,6.215767460619824,6.215767460619824,6.215767460619824,12.675601085414224,12.675601085414224,12.675601085414224,18.401914561941037,Fail ,
15.157592197472677,15.445593418066442,13.32206666549804,15.157592197472677,6.215767460619824,6.215767460619824,6.215767460619824,12.675601085414224,12.675601085414224,12.675601085414224,20.818216836299847,Fail ,
15.157592197472677,15.445593418066442,13.32206666549804,15.157592197472677,6.215767460619824,6.215767460619824,6.215767460619824,12.675601085414224,12.675601085414224,12.675601085414224,21.166087214295086,Fail ,
15.157592197472677,15.445593418066442,13.32206666549804,15.157592197472677,6.215767460619824,6.215767460619824,6.215767460619824,12.675601085414224,12.675601085414224,12.675601085414224,22.0544759902879,Safe ,
15.157592197472677,15.445593418066442,13.32206666549804,15.157592197472677,6.215767460619824,6.215767460619824,6.215767460619824,12.675601085414224,12.675601085414224,12.675601085414224,17.823120713384935,Fail ,
15.157592197472677,15.445593418066442,13.32206666549804,15.157592197472677,6.215767460619824,6.215767460619824,6.215767460619824,12.675601085414224,12.675601085414224,12.675601085414224,22.522864536575266,Safe ,
15.157592197472677,15.445593418066442,13.32206666549804,15.157592197472677,6.215767460619824,6.215767460619824,6.215767460619824,12.675601085414224,12.675601085414224,12.675601085414224,19.040926073034584,Fail ,
15.157592197472677,15.445593418066442,13.32206666549804,15.157592197472677,6.215767460619824,6.215767460619824,6.215767460619824,12.675601085414224,12.675601085414224,12.675601085414224,19.991003474873228,Fail ,
15.157592197472677,15.445593418066442,13.32206666549804,15.157592197472677,6.215767460619824,6.215767460619824,6.215767460619824,12.675601085414224,12.675601085414224,12.675601085414224,19.510212219857287,Fail ,
15.157592197472677,15.445593418066442,13.32206666549804,15.157592197472677,6.215767460619824,6.215767460619824,6.215767460619824,12.675601085414224,12.675601085414224,12.675601085414224,22.264120804440058,Safe ,
15.157592197472677,15.445593418066442,13.32206666549804,15.157592197472677,6.215767460619824,6.215767460619824,6.215767460619824,12.675601085414224,12.675601085414224,12.675601085414224,17.418030967007866,Fail ,
15.157592197472677,15.445593418066442,13.32206666549804,15.157592197472677,6.215767460619824,6.215767460619824,6.215767460619824,12.675601085414224,12.675601085414224,12.675601085414224,20.331323774170055,Fail ,
15.157592197472677,15.445593418066442,13.32206666549804,15.157592197472677,6.215767460619824,6.215767460619824,6.215767460619824,12.675601085414224,12.675601085414224,12.675601085414224,19.024051778493586,Fail ,
15.157592197472677,15.445593418066442,13.32206666549804,15.157592197472677,6.215767460619824,6.215767460619824,6.215767460619824,12.675601085414224,12.675601085414224,12.675601085414224,20.386846868618573,Fail ,
15.157592197472677,15.445593418066442,13.32206666549804,15.157592197472677,6.215767460619824,6.215767460619824,6.215767460619824,12.675601085414224,12.675601085414224,12.675601085414224,18.587385026773482,Fail ,
15.157592197472677,15.445593418066442,13.32206666549804,15.157592197472677,6.215767460619824,6.215767460619824,6.215767460619824,12.675601085414224,12.675601085414224,12.675601085414224,21.722330507683512,Fail ,
15.157592197472677,15.445593418066442,13.32206666549804,15.157592197472677,6.215767460619824,6.215767460619824,6.215767460619824,12.675601085414224,12.675601085414224,12.675601085414224,16.333793460359285,Fail ,
15.157592197472677,15.445593418066442,13.32206666549804,15.157592197472677,6.215767460619824,6.215767460619824,6.215767460619824,12.675601085414224,12.675601085414224,12.675601085414224,20.443102855985718,Fail ,
15.157592197472677,15.445593418066442,13.32206666549804,15.157592197472677,6.215767460619824,6.215767460619824,6.215767460619824,12.675601085414224,12.675601085414224,12.675601085414224,19.00837903143421,Fail ,
15.157592197472677,15.445593418066442,13.32206666549804,15.157592197472677,6.215767460619824,6.215767460619824,6.215767460619824,12.675601085414224,12.675601085414224,12.675601085414224,23.168539922633716,Safe ,
15.157592197472677,15.445593418066442,13.32206666549804,15.157592197472677,6.215767460619824,6.215767460619824,6.215767460619824,12.675601085414224,12.675601085414224,12.675601085414224,18.907951877323168,Fail ,
15.157592197472677,15.445593418066442,13.32206666549804,15.157592197472677,6.215767460619824,6.215767460619824,6.215767460619824,12.675601085414224,12.675601085414224,12.675601085414224,19.996760247235354,Fail ,
15.157592197472677,15.445593418066442,13.32206666549804,15.157592197472677,6.215767460619824,6.215767460619824,6.215767460619824,12.675601085414224,12.675601085414224,12.675601085414224,18.875143796123496,Fail ,
15.157592197472677,15.445593418066442,13.32206666549804,15.157592197472677,6.215767460619824,6.215767460619824,6.215767460619824,12.675601085414224,12.675601085414224,12.675601085414224,17.09700754520555,Fail ,
15.157592197472677,15.445593418066442,13.32206666549804,15.157592197472677,6.215767460619824,6.215767460619824,6.215767460619824,12.675601085414224,12.675601085414224,12.675601085414224,20.663443752654786,Fail ,
15.157592197472677,15.445593418066442,13.32206666549804,15.157592197472677,6.215767460619824,6.215767460619824,6.215767460619824,12.675601085414224,12.675601085414224,12.675601085414224,19.14926887917111,Fail ,
15.157592197472677,15.445593418066442,13.32206666549804,15.157592197472677,6.215767460619824,6.215767460619824,6.215767460619824,12.675601085414224,12.675601085414224,12.675601085414224,23.894290473419364,Safe ,
15.157592197472677,15.445593418066442,13.32206666549804,15.157592197472677,6.215767460619824,6.215767460619824,6.215767460619824,12.675601085414224,12.675601085414224,12.675601085414224,19.915140095851164,Fail ,
15.157592197472677,15.445593418066442,13.32206666549804,15.157592197472677,6.215767460619824,6.215767460619824,6.215767460619824,12.675601085414224,12.675601085414224,12.675601085414224,18.094515099228747,Fail ,
15.157592197472677,15.445593418066442,13.32206666549804,15.157592197472677,6.215767460619824,6.215767460619824,6.215767460619824,12.675601085414224,12.675601085414224,12.675601085414224,21.23988176007184,Fail ,
15.157592197472677,15.445593418066442,13.32206666549804,15.157592197472677,6.215767460619824,6.215767460619824,6.215767460619824,12.675601085414224,12.675601085414224,12.675601085414224,17.603016434651874,Fail ,
15.157592197472677,15.445593418066442,13.32206666549804,15.157592197472677,6.215767460619824,6.215767460619824,6.215767460619824,12.675601085414224,12.675601085414224,12.675601085414224,20.42953035419375,Fail ,
15.157592197472677,15.445593418066442,13.32206666549804,15.157592197472677,6.215767460619824,6.215767460619824,6.215767460619824,12.675601085414224,12.675601085414224,12.675601085414224,19.388503902123986,Fail ,
15.157592197472677,15.445593418066442,13.32206666549804,15.157592197472677,6.215767460619824,6.215767460619824,6.215767460619824,12.675601085414224,12.675601085414224,12.675601085414224,21.533996667575167,Fail ,
15.157592197472677,15.445593418066442,13.32206666549804,15.157592197472677,6.215767460619824,6.215767460619824,6.215767460619824,12.675601085414224,12.675601085414224,12.675601085414224,24.62285618859552,Safe ,
15.157592197472677,15.445593418066442,13.32206666549804,15.157592197472677,6.215767460619824,6.215767460619824,6.215767460619824,12.675601085414224,12.675601085414224,12.675601085414224,20.53233191223409,Fail ,
15.157592197472677,15.445593418066442,13.32206666549804,15.157592197472677,6.215767460619824,6.215767460619824,6.215767460619824,12.675601085414224,12.675601085414224,12.675601085414224,19.234193056057688,Fail ,
15.157592197472677,15.445593418066442,13.32206666549804,15.157592197472677,6.215767460619824,6.215767460619824,6.215767460619824,12.675601085414224,12.675601085414224,12.675601085414224,20.856595270918657,Fail ,
15.157592197472677,15.445593418066442,13.32206666549804,15.157592197472677,6.215767460619824,6.215767460619824,6.215767460619824,12.675601085414224,12.675601085414224,12.675601085414224,20.006880366175267,Fail ,
15.157592197472677,15.445593418066442,13.32206666549804,15.157592197472677,6.215767460619824,6.215767460619824,6.215767460619824,12.675601085414224,12.675601085414224,12.675601085414224,19.14484561026189,Fail ,
15.157592197472677,15.445593418066442,13.32206666549804,15.157592197472677,6.215767460619824,6.215767460619824,6.215767460619824,12.675601085414224,12.675601085414224,12.675601085414224,25.459591041834486,Safe ,
15.157592197472677,15.445593418066442,13.32206666549804,15.157592197472677,6.215767460619824,6.215767460619824,6.215767460619824,12.675601085414224,12.675601085414224,12.675601085414224,23.21292721434209,Safe ,
15.157592197472677,15.445593418066442,13.32206666549804,15.157592197472677,6.215767460619824,6.215767460619824,6.215767460619824,12.675601085414224,12.675601085414224,12.675601085414224,21.392212933427828,Fail ,
15.157592197472677,15.445593418066442,13.32206666549804,15.157592197472677,6.215767460619824,6.215767460619824,6.215767460619824,12.675601085414224,12.675601085414224,12.675601085414224,19.743996517816516,Fail ,
15.157592197472677,15.445593418066442,13.32206666549804,15.157592197472677,6.215767460619824,6.215767460619824,6.215767460619824,12.675601085414224,12.675601085414224,12.675601085414224,20.248283638063008,Fail ,
15.157592197472677,15.445593418066442,13.32206666549804,15.157592197472677,6.215767460619824,6.215767460619824,6.215767460619824,12.675601085414224,12.675601085414224,12.675601085414224,20.751658681612792,Fail ,
15.157592197472677,15.445593418066442,13.32206666549804,15.157592197472677,6.215767460619824,6.215767460619824,6.215767460619824,12.675601085414224,12.675601085414224,12.675601085414224,23.3422384268836,Safe ,
15.157592197472677,15.445593418066442,13.32206666549804,15.157592197472677,6.215767460619824,6.215767460619824,6.215767460619824,12.675601085414224,12.675601085414224,12.675601085414224,19.26642894691594,Fail ,
15.157592197472677,15.445593418066442,13.32206666549804,15.157592197472677,6.215767460619824,6.215767460619824,6.215767460619824,12.675601085414224,12.675601085414224,12.675601085414224,20.496391046143163,Fail ,
15.157592197472677,15.445593418066442,13.32206666549804,15.157592197472677,6.215767460619824,6.215767460619824,6.215767460619824,12.675601085414224,12.675601085414224,12.675601085414224,21.303624960754963,Fail ,
15.157592197472677,15.445593418066442,13.32206666549804,15.157592197472677,6.215767460619824,6.215767460619824,6.215767460619824,12.675601085414224,12.675601085414224,12.675601085414224,23.33130483970336,Safe ,
15.157592197472677,15.445593418066442,13.32206666549804,15.157592197472677,6.215767460619824,6.215767460619824,6.215767460619824,12.675601085414224,12.675601085414224,12.675601085414224,19.28627639891446,Fail ,
15.157592197472677,15.445593418066442,13.32206666549804,15.157592197472677,6.215767460619824,6.215767460619824,6.215767460619824,12.675601085414224,12.675601085414224,12.675601085414224,20.320356383647724,Fail ,
15.157592197472677,15.445593418066442,13.32206666549804,15.157592197472677,6.215767460619824,6.215767460619824,6.215767460619824,12.675601085414224,12.675601085414224,12.675601085414224,22.605463969631213,Safe ,
15.157592197472677,15.445593418066442,13.32206666549804,15.157592197472677,6.215767460619824,6.215767460619824,6.215767460619824,12.675601085414224,12.675601085414224,12.675601085414224,20.318404417441453,Fail ,
15.157592197472677,15.445593418066442,13.32206666549804,15.157592197472677,6.215767460619824,6.215767460619824,6.215767460619824,12.675601085414224,12.675601085414224,12.675601085414224,19.497502215532474,Fail ,
15.157592197472677,15.445593418066442,13.32206666549804,15.157592197472677,6.215767460619824,6.215767460619824,6.215767460619824,12.675601085414224,12.675601085414224,12.675601085414224,23.843829687159847,Safe ,
15.157592197472677,15.445593418066442,13.32206666549804,15.157592197472677,6.215767460619824,6.215767460619824,6.215767460619824,12.675601085414224,12.675601085414224,12.675601085414224,23.46893941156411,Safe ,
15.157592197472677,15.445593418066442,13.32206666549804,15.157592197472677,6.215767460619824,6.215767460619824,6.215767460619824,12.675601085414224,12.675601085414224,12.675601085414224,19.39830376645909,Fail ,
15.157592197472677,15.445593418066442,13.32206666549804,15.157592197472677,6.215767460619824,6.215767460619824,6.215767460619824,12.675601085414224,12.675601085414224,12.675601085414224,19.233551622889813,Fail ,
15.157592197472677,15.445593418066442,13.32206666549804,15.157592197472677,6.215767460619824,6.215767460619824,6.215767460619824,12.675601085414224,12.675601085414224,12.675601085414224,21.963730225304616,Safe ,
15.157592197472677,15.445593418066442,13.32206666549804,15.157592197472677,6.215767460619824,6.215767460619824,6.215767460619824,12.675601085414224,12.675601085414224,12.675601085414224,19.990787715664503,Fail ,
15.157592197472677,15.445593418066442,13.32206666549804,15.157592197472677,6.215767460619824,6.215767460619824,6.215767460619824,12.675601085414224,12.675601085414224,12.675601085414224,18.76436844409768,Fail ,
15.157592197472677,15.445593418066442,13.32206666549804,15.157592197472677,6.215767460619824,6.215767460619824,6.215767460619824,12.675601085414224,12.675601085414224,12.675601085414224,18.824791241417238,Fail ,
15.157592197472677,15.445593418066442,13.32206666549804,15.157592197472677,6.215767460619824,6.215767460619824,6.215767460619824,12.675601085414224,12.675601085414224,12.675601085414224,21.586184418088905,Fail ,
15.157592197472677,15.445593418066442,13.32206666549804,15.157592197472677,6.215767460619824,6.215767460619824,6.215767460619824,12.675601085414224,12.675601085414224,12.675601085414224,19.89686814489428,Fail ,
15.157592197472677,15.445593418066442,13.32206666549804,15.157592197472677,6.215767460619824,6.215767460619824,6.215767460619824,12.675601085414224,12.675601085414224,12.675601085414224,19.990123265941747,Fail ,
15.157592197472677,15.445593418066442,13.32206666549804,15.157592197472677,6.215767460619824,6.215767460619824,6.215767460619824,12.675601085414224,12.675601085414224,12.675601085414224,19.584639105778628,Fail ,
15.157592197472677,15.445593418066442,13.32206666549804,15.157592197472677,6.215767460619824,6.215767460619824,6.215767460619824,12.675601085414224,12.675601085414224,12.675601085414224,18.97080496050508,Fail ,
15.157592197472677,15.445593418066442,13.32206666549804,15.157592197472677,6.215767460619824,6.215767460619824,6.215767460619824,12.675601085414224,12.675601085414224,12.675601085414224,16.14772061155439,Fail ,
15.157592197472677,15.445593418066442,13.32206666549804,15.157592197472677,6.215767460619824,6.215767460619824,6.215767460619824,12.675601085414224,12.675601085414224,12.675601085414224,16.939084361321363,Fail ,
15.157592197472677,15.445593418066442,13.32206666549804,15.157592197472677,6.215767460619824,6.215767460619824,6.215767460619824,12.675601085414224,12.675601085414224,12.675601085414224,19.97680191179473,Fail ,
15.157592197472677,15.445593418066442,13.32206666549804,15.157592197472677,6.215767460619824,6.215767460619824,6.215767460619824,12.675601085414224,12.675601085414224,12.675601085414224,22.953579686657715,Safe ,
15.157592197472677,15.445593418066442,13.32206666549804,15.157592197472677,6.215767460619824,6.215767460619824,6.215767460619824,12.675601085414224,12.675601085414224,12.675601085414224,21.85863856479537,Fail ,
15.157592197472677,15.445593418066442,13.32206666549804,15.157592197472677,6.215767460619824,6.215767460619824,6.215767460619824,12.675601085414224,12.675601085414224,12.675601085414224,20.5711642888754,Fail ,
15.157592197472677,15.445593418066442,13.32206666549804,15.157592197472677,6.215767460619824,6.215767460619824,6.215767460619824,12.675601085414224,12.675601085414224,12.675601085414224,15.417997569446879,Fail ,
15.157592197472677,15.445593418066442,13.32206666549804,15.157592197472677,6.215767460619824,6.215767460619824,6.215767460619824,12.675601085414224,12.675601085414224,12.675601085414224,19.797327462464313,Fail ,
15.157592197472677,15.445593418066442,13.32206666549804,15.157592197472677,6.215767460619824,6.215767460619824,6.215767460619824,12.675601085414224,12.675601085414224,12.675601085414224,20.119453664534277,Fail ,
15.157592197472677,15.445593418066442,13.32206666549804,15.157592197472677,6.215767460619824,6.215767460619824,6.215767460619824,12.675601085414224,12.675601085414224,12.675601085414224,21.893235505836117,Fail ,
15.157592197472677,15.445593418066442,13.32206666549804,15.157592197472677,6.215767460619824,6.215767460619824,6.215767460619824,12.675601085414224,12.675601085414224,12.675601085414224,18.588588731080687,Fail ,
15.157592197472677,15.445593418066442,13.32206666549804,15.157592197472677,6.215767460619824,6.215767460619824,6.215767460619824,12.675601085414224,12.675601085414224,12.675601085414224,18.355689310147017,Fail ,
15.157592197472677,15.445593418066442,13.32206666549804,15.157592197472677,6.215767460619824,6.215767460619824,6.215767460619824,12.675601085414224,12.675601085414224,12.675601085414224,18.20425142798446,Fail ,
15.157592197472677,15.445593418066442,13.32206666549804,15.157592197472677,6.215767460619824,6.215767460619824,6.215767460619824,12.675601085414224,12.675601085414224,12.675601085414224,19.643684178562815,Fail ,
15.157592197472677,15.445593418066442,13.32206666549804,15.157592197472677,6.215767460619824,6.215767460619824,6.215767460619824,12.675601085414224,12.675601085414224,12.675601085414224,22.12280130193133,Safe ,
15.157592197472677,15.445593418066442,13.32206666549804,15.157592197472677,6.215767460619824,6.215767460619824,6.215767460619824,12.675601085414224,12.675601085414224,12.675601085414224,21.13596677337479,Fail ,
15.157592197472677,15.445593418066442,13.32206666549804,15.157592197472677,6.215767460619824,6.215767460619824,6.215767460619824,12.675601085414224,12.675601085414224,12.675601085414224,20.554110593966996,Fail ,
15.157592197472677,15.445593418066442,13.32206666549804,15.157592197472677,6.215767460619824,6.215767460619824,6.215767460619824,12.675601085414224,12.675601085414224,12.675601085414224,20.66384918096978,Fail ,
15.157592197472677,15.445593418066442,13.32206666549804,15.157592197472677,6.215767460619824,6.215767460619824,6.215767460619824,12.675601085414224,12.675601085414224,12.675601085414224,19.866217717519785,Fail ,
15.157592197472677,15.445593418066442,13.32206666549804,15.157592197472677,6.215767460619824,6.215767460619824,6.215767460619824,12.675601085414224,12.675601085414224,12.675601085414224,20.224871515512874,Fail ,
15.157592197472677,15.445593418066442,13.32206666549804,15.157592197472677,6.215767460619824,6.215767460619824,6.215767460619824,12.675601085414224,12.675601085414224,12.675601085414224,22.118967690798385,Safe ,
15.157592197472677,15.445593418066442,13.32206666549804,15.157592197472677,6.215767460619824,6.215767460619824,6.215767460619824,12.675601085414224,12.675601085414224,12.675601085414224,18.950190340164056,Fail ,
15.157592197472677,15.445593418066442,13.32206666549804,15.157592197472677,6.215767460619824,6.215767460619824,6.215767460619824,12.675601085414224,12.675601085414224,12.675601085414224,22.368583049546892,Safe ,
15.157592197472677,15.445593418066442,13.32206666549804,15.157592197472677,6.215767460619824,6.215767460619824,6.215767460619824,12.675601085414224,12.675601085414224,12.675601085414224,18.632522254999376,Fail ,
15.157592197472677,15.445593418066442,13.32206666549804,15.157592197472677,6.215767460619824,6.215767460619824,6.215767460619824,12.675601085414224,12.675601085414224,12.675601085414224,20.277819428792018,Fail ,
15.157592197472677,15.445593418066442,13.32206666549804,15.157592197472677,6.215767460619824,6.215767460619824,6.215767460619824,12.675601085414224,12.675601085414224,12.675601085414224,22.338557421099235,Safe ,
15.157592197472677,15.445593418066442,13.32206666549804,15.157592197472677,6.215767460619824,6.215767460619824,6.215767460619824,12.675601085414224,12.675601085414224,12.675601085414224,16.763053426243104,Fail ,
15.157592197472677,15.445593418066442,13.32206666549804,15.157592197472677,6.215767460619824,6.215767460619824,6.215767460619824,12.675601085414224,12.675601085414224,12.675601085414224,20.760673244956017,Fail ,
15.157592197472677,15.445593418066442,13.32206666549804,15.157592197472677,6.215767460619824,6.215767460619824,6.215767460619824,12.675601085414224,12.675601085414224,12.675601085414224,23.546212579821944,Safe ,
15.157592197472677,15.445593418066442,13.32206666549804,15.157592197472677,6.215767460619824,6.215767460619824,6.215767460619824,12.675601085414224,12.675601085414224,12.675601085414224,23.809301025164874,Safe ,
15.157592197472677,15.445593418066442,13.32206666549804,15.157592197472677,6.215767460619824,6.215767460619824,6.215767460619824,12.675601085414224,12.675601085414224,12.675601085414224,20.44502256823349,Fail ,
15.157592197472677,15.445593418066442,13.32206666549804,15.157592197472677,6.215767460619824,6.215767460619824,6.215767460619824,12.675601085414224,12.675601085414224,12.675601085414224,22.794655261556752,Safe ,
15.157592197472677,15.445593418066442,13.32206666549804,15.157592197472677,6.215767460619824,6.215767460619824,6.215767460619824,12.675601085414224,12.675601085414224,12.675601085414224,19.245178100965283,Fail ,
15.157592197472677,15.445593418066442,13.32206666549804,15.157592197472677,6.215767460619824,6.215767460619824,6.215767460619824,12.675601085414224,12.675601085414224,12.675601085414224,18.68278284766688,Fail ,
15.157592197472677,15.445593418066442,13.32206666549804,15.157592197472677,6.215767460619824,6.215767460619824,6.215767460619824,12.675601085414224,12.675601085414224,12.675601085414224,17.49062027858588,Fail ,
15.157592197472677,15.445593418066442,13.32206666549804,15.157592197472677,6.215767460619824,6.215767460619824,6.215767460619824,12.675601085414224,12.675601085414224,12.675601085414224,18.03227056772254,Fail ,
15.157592197472677,15.445593418066442,13.32206666549804,15.157592197472677,6.215767460619824,6.215767460619824,6.215767460619824,12.675601085414224,12.675601085414224,12.675601085414224,21.75763175732327,Fail ,
15.157592197472677,15.445593418066442,13.32206666549804,15.157592197472677,6.215767460619824,6.215767460619824,6.215767460619824,12.675601085414224,12.675601085414224,12.675601085414224,20.57619695535517,Fail ,
15.157592197472677,15.445593418066442,13.32206666549804,15.157592197472677,6.215767460619824,6.215767460619824,6.215767460619824,12.675601085414224,12.675601085414224,12.675601085414224,20.3202303093496,Fail ,
15.157592197472677,15.445593418066442,13.32206666549804,15.157592197472677,6.215767460619824,6.215767460619824,6.215767460619824,12.675601085414224,12.675601085414224,12.675601085414224,20.605319254328165,Fail ,
15.157592197472677,15.445593418066442,13.32206666549804,15.157592197472677,6.215767460619824,6.215767460619824,6.215767460619824,12.675601085414224,12.675601085414224,12.675601085414224,21.190330081087076,Fail ,
15.157592197472677,15.445593418066442,13.32206666549804,15.157592197472677,6.215767460619824,6.215767460619824,6.215767460619824,12.675601085414224,12.675601085414224,12.675601085414224,19.65600517865711,Fail ,
15.157592197472677,15.445593418066442,13.32206666549804,15.157592197472677,6.215767460619824,6.215767460619824,6.215767460619824,12.675601085414224,12.675601085414224,12.675601085414224,18.495160473298352,Fail ,
15.157592197472677,15.445593418066442,13.32206666549804,15.157592197472677,6.215767460619824,6.215767460619824,6.215767460619824,12.675601085414224,12.675601085414224,12.675601085414224,20.347529423727728,Fail ,
15.157592197472677,15.445593418066442,13.32206666549804,15.157592197472677,6.215767460619824,6.215767460619824,6.215767460619824,12.675601085414224,12.675601085414224,12.675601085414224,21.596040900033657,Fail ,
15.157592197472677,15.445593418066442,13.32206666549804,15.157592197472677,6.215767460619824,6.215767460619824,6.215767460619824,12.675601085414224,12.675601085414224,12.675601085414224,20.635677677870312,Fail ,
15.157592197472677,15.445593418066442,13.32206666549804,15.157592197472677,6.215767460619824,6.215767460619824,6.215767460619824,12.675601085414224,12.675601085414224,12.675601085414224,22.560004013764598,Safe ,
15.157592197472677,15.445593418066442,13.32206666549804,15.157592197472677,6.215767460619824,6.215767460619824,6.215767460619824,12.675601085414224,12.675601085414224,12.675601085414224,21.2884656057794,Fail ,
15.157592197472677,15.445593418066442,13.32206666549804,15.157592197472677,6.215767460619824,6.215767460619824,6.215767460619824,12.675601085414224,12.675601085414224,12.675601085414224,17.520824708533524,Fail ,
15.157592197472677,15.445593418066442,13.32206666549804,15.157592197472677,6.215767460619824,6.215767460619824,6.215767460619824,12.675601085414224,12.675601085414224,12.675601085414224,20.074874406007652,Fail ,
15.157592197472677,15.445593418066442,13.32206666549804,15.157592197472677,6.215767460619824,6.215767460619824,6.215767460619824,12.675601085414224,12.675601085414224,12.675601085414224,19.431216169091435,Fail ,
15.157592197472677,15.445593418066442,13.32206666549804,15.157592197472677,6.215767460619824,6.215767460619824,6.215767460619824,12.675601085414224,12.675601085414224,12.675601085414224,21.4230116264637,Fail ,
15.157592197472677,15.445593418066442,13.32206666549804,15.157592197472677,6.215767460619824,6.215767460619824,6.215767460619824,12.675601085414224,12.675601085414224,12.675601085414224,18.981670565444922,Fail ,
15.157592197472677,15.445593418066442,13.32206666549804,15.157592197472677,6.215767460619824,6.215767460619824,6.215767460619824,12.675601085414224,12.675601085414224,12.675601085414224,22.66109190374254,Safe ,
15.157592197472677,15.445593418066442,13.32206666549804,15.157592197472677,6.215767460619824,6.215767460619824,6.215767460619824,12.675601085414224,12.675601085414224,12.675601085414224,20.498962948066254,Fail ,
15.157592197472677,15.445593418066442,13.32206666549804,15.157592197472677,6.215767460619824,6.215767460619824,6.215767460619824,12.675601085414224,12.675601085414224,12.675601085414224,20.3517894590556,Fail ,
15.157592197472677,15.445593418066442,13.32206666549804,15.157592197472677,6.215767460619824,6.215767460619824,6.215767460619824,12.675601085414224,12.675601085414224,12.675601085414224,21.569588112045437,Fail ,
15.157592197472677,15.445593418066442,13.32206666549804,15.157592197472677,6.215767460619824,6.215767460619824,6.215767460619824,12.675601085414224,12.675601085414224,12.675601085414224,21.138365832428875,Fail ,
15.157592197472677,15.445593418066442,13.32206666549804,15.157592197472677,6.215767460619824,6.215767460619824,6.215767460619824,12.675601085414224,12.675601085414224,12.675601085414224,18.35467091230786,Fail ,
15.157592197472677,15.445593418066442,13.32206666549804,15.157592197472677,6.215767460619824,6.215767460619824,6.215767460619824,12.675601085414224,12.675601085414224,12.675601085414224,20.71551119878298,Fail ,
15.157592197472677,15.445593418066442,13.32206666549804,15.157592197472677,6.215767460619824,6.215767460619824,6.215767460619824,12.675601085414224,12.675601085414224,12.675601085414224,19.72264743391827,Fail ,
15.157592197472677,15.445593418066442,13.32206666549804,15.157592197472677,6.215767460619824,6.215767460619824,6.215767460619824,12.675601085414224,12.675601085414224,12.675601085414224,18.31164361946105,Fail ,
15.157592197472677,15.445593418066442,13.32206666549804,15.157592197472677,6.215767460619824,6.215767460619824,6.215767460619824,12.675601085414224,12.675601085414224,12.675601085414224,20.351373159838467,Fail ,
15.157592197472677,15.445593418066442,13.32206666549804,15.157592197472677,6.215767460619824,6.215767460619824,6.215767460619824,12.675601085414224,12.675601085414224,12.675601085414224,20.991420870015173,Fail ,
15.157592197472677,15.445593418066442,13.32206666549804,15.157592197472677,6.215767460619824,6.215767460619824,6.215767460619824,12.675601085414224,12.675601085414224,12.675601085414224,18.468416941460383,Fail ,
15.157592197472677,15.445593418066442,13.32206666549804,15.157592197472677,6.215767460619824,6.215767460619824,6.215767460619824,12.675601085414224,12.675601085414224,12.675601085414224,18.268384716461103,Fail ,
15.157592197472677,15.445593418066442,13.32206666549804,15.157592197472677,6.215767460619824,6.215767460619824,6.215767460619824,12.675601085414224,12.675601085414224,12.675601085414224,19.18206691382854,Fail ,
15.157592197472677,15.445593418066442,13.32206666549804,15.157592197472677,6.215767460619824,6.215767460619824,6.215767460619824,12.675601085414224,12.675601085414224,12.675601085414224,20.559365689254616,Fail ,
15.157592197472677,15.445593418066442,13.32206666549804,15.157592197472677,6.215767460619824,6.215767460619824,6.215767460619824,12.675601085414224,12.675601085414224,12.675601085414224,22.374563100482224,Safe ,
15.157592197472677,15.445593418066442,13.32206666549804,15.157592197472677,6.215767460619824,6.215767460619824,6.215767460619824,12.675601085414224,12.675601085414224,12.675601085414224,22.03404435511902,Safe ,
15.157592197472677,15.445593418066442,13.32206666549804,15.157592197472677,6.215767460619824,6.215767460619824,6.215767460619824,12.675601085414224,12.675601085414224,12.675601085414224,22.011373357543135,Safe ,
15.157592197472677,15.445593418066442,13.32206666549804,15.157592197472677,6.215767460619824,6.215767460619824,6.215767460619824,12.675601085414224,12.675601085414224,12.675601085414224,19.981490592819608,Fail ,
15.157592197472677,15.445593418066442,13.32206666549804,15.157592197472677,6.215767460619824,6.215767460619824,6.215767460619824,12.675601085414224,12.675601085414224,12.675601085414224,21.87344641026907,Fail ,
15.157592197472677,15.445593418066442,13.32206666549804,15.157592197472677,6.215767460619824,6.215767460619824,6.215767460619824,12.675601085414224,12.675601085414224,12.675601085414224,22.181178432383597,Safe ,
15.157592197472677,15.445593418066442,13.32206666549804,15.157592197472677,6.215767460619824,6.215767460619824,6.215767460619824,12.675601085414224,12.675601085414224,12.675601085414224,19.282795238904924,Fail ,
15.157592197472677,15.445593418066442,13.32206666549804,15.157592197472677,6.215767460619824,6.215767460619824,6.215767460619824,12.675601085414224,12.675601085414224,12.675601085414224,18.746207586303335,Fail ,
15.157592197472677,15.445593418066442,13.32206666549804,15.157592197472677,6.215767460619824,6.215767460619824,6.215767460619824,12.675601085414224,12.675601085414224,12.675601085414224,23.045784313993728,Safe ,
15.157592197472677,15.445593418066442,13.32206666549804,15.157592197472677,6.215767460619824,6.215767460619824,6.215767460619824,12.675601085414224,12.675601085414224,12.675601085414224,17.581615065411263,Fail ,
15.157592197472677,15.445593418066442,13.32206666549804,15.157592197472677,6.215767460619824,6.215767460619824,6.215767460619824,12.675601085414224,12.675601085414224,12.675601085414224,19.167704529228562,Fail ,
15.157592197472677,15.445593418066442,13.32206666549804,15.157592197472677,6.215767460619824,6.215767460619824,6.215767460619824,12.675601085414224,12.675601085414224,12.675601085414224,19.914042115468835,Fail ,
15.157592197472677,15.445593418066442,13.32206666549804,15.157592197472677,6.215767460619824,6.215767460619824,6.215767460619824,12.675601085414224,12.675601085414224,12.675601085414224,19.856969464773304,Fail ,
15.157592197472677,15.445593418066442,13.32206666549804,15.157592197472677,6.215767460619824,6.215767460619824,6.215767460619824,12.675601085414224,12.675601085414224,12.675601085414224,23.87034144712227,Safe ,
15.157592197472677,15.445593418066442,13.32206666549804,15.157592197472677,6.215767460619824,6.215767460619824,6.215767460619824,12.675601085414224,12.675601085414224,12.675601085414224,17.65285412139757,Fail ,
15.157592197472677,15.445593418066442,13.32206666549804,15.157592197472677,6.215767460619824,6.215767460619824,6.215767460619824,12.675601085414224,12.675601085414224,12.675601085414224,19.853033837544967,Fail ,
15.157592197472677,15.445593418066442,13.32206666549804,15.157592197472677,6.215767460619824,6.215767460619824,6.215767460619824,12.675601085414224,12.675601085414224,12.675601085414224,18.552742856497172,Fail ,
15.157592197472677,15.445593418066442,13.32206666549804,15.157592197472677,6.215767460619824,6.215767460619824,6.215767460619824,12.675601085414224,12.675601085414224,12.675601085414224,22.42691552734363,Safe ,
15.157592197472677,15.445593418066442,13.32206666549804,15.157592197472677,6.215767460619824,6.215767460619824,6.215767460619824,12.675601085414224,12.675601085414224,12.675601085414224,20.460472253666506,Fail ,
15.157592197472677,15.445593418066442,13.32206666549804,15.157592197472677,6.215767460619824,6.215767460619824,6.215767460619824,12.675601085414224,12.675601085414224,12.675601085414224,18.458809082735186,Fail ,
15.157592197472677,15.445593418066442,13.32206666549804,15.157592197472677,6.215767460619824,6.215767460619824,6.215767460619824,12.675601085414224,12.675601085414224,12.675601085414224,21.66579361612129,Fail ,
15.157592197472677,15.445593418066442,13.32206666549804,15.157592197472677,6.215767460619824,6.215767460619824,6.215767460619824,12.675601085414224,12.675601085414224,12.675601085414224,20.72334419180801,Fail ,
15.157592197472677,15.445593418066442,13.32206666549804,15.157592197472677,6.215767460619824,6.215767460619824,6.215767460619824,12.675601085414224,12.675601085414224,12.675601085414224,24.145002618151086,Safe ,
15.157592197472677,15.445593418066442,13.32206666549804,15.157592197472677,6.215767460619824,6.215767460619824,6.215767460619824,12.675601085414224,12.675601085414224,12.675601085414224,22.332485619944997,Safe ,
15.157592197472677,15.445593418066442,13.32206666549804,15.157592197472677,6.215767460619824,6.215767460619824,6.215767460619824,12.675601085414224,12.675601085414224,12.675601085414224,19.946433291139954,Fail ,
15.157592197472677,15.445593418066442,13.32206666549804,15.157592197472677,6.215767460619824,6.215767460619824,6.215767460619824,12.675601085414224,12.675601085414224,12.675601085414224,18.93930258356317,Fail ,
15.157592197472677,15.445593418066442,13.32206666549804,15.157592197472677,6.215767460619824,6.215767460619824,6.215767460619824,12.675601085414224,12.675601085414224,12.675601085414224,21.0114623216757,Fail ,
15.157592197472677,15.445593418066442,13.32206666549804,15.157592197472677,6.215767460619824,6.215767460619824,6.215767460619824,12.675601085414224,12.675601085414224,12.675601085414224,22.644716178499497,Safe ,
15.157592197472677,15.445593418066442,13.32206666549804,15.157592197472677,6.215767460619824,6.215767460619824,6.215767460619824,12.675601085414224,12.675601085414224,12.675601085414224,21.141392577387307,Fail ,
