W14X22, L = 360.0 in, slope = 0.020833333333333332 in/in, dead load = 6.944444444444444e-05 kip/in^2
zwlim AISC Appendix 2,zwlim DAMP,zwlim Proposed for ASCE 7,zwlim Neglect Ponding,dhnom Denver,dhnom New York,dhnom New Orleans,dh Denver,dh New York,dh New Orleans,dmax
15.157592197472677,15.445593418066442,13.32206666549804,15.157592197472677,2.263992934014017,2.263992934014017,2.263992934014017,10.698059866452837,10.698059866452837,10.698059866452837,22.04703845505565,Fail ,
15.157592197472677,15.445593418066442,13.32206666549804,15.157592197472677,2.263992934014017,2.263992934014017,2.263992934014017,10.698059866452837,10.698059866452837,10.698059866452837,19.261401342787636,Fail ,
15.157592197472677,15.445593418066442,13.32206666549804,15.157592197472677,2.263992934014017,2.263992934014017,2.263992934014017,10.698059866452837,10.698059866452837,10.698059866452837,18.532702363622313,Fail ,
15.157592197472677,15.445593418066442,13.32206666549804,15.157592197472677,2.263992934014017,2.263992934014017,2.263992934014017,10.698059866452837,10.698059866452837,10.698059866452837,21.76638601325524,Fail ,
15.157592197472677,15.445593418066442,13.32206666549804,15.157592197472677,2.263992934014017,2.263992934014017,2.263992934014017,10.698059866452837,10.698059866452837,10.698059866452837,18.275958250138828,Fail ,
15.157592197472677,15.445593418066442,13.32206666549804,15.157592197472677,2.263992934014017,2.263992934014017,2.263992934014017,10.698059866452837,10.698059866452837,10.698059866452837,26.925365673311696,Safe ,
15.157592197472677,15.445593418066442,13.32206666549804,15.157592197472677,2.263992934014017,2.263992934014017,2.263992934014017,10.698059866452837,10.698059866452837,10.698059866452837,20.341828661909002,Fail ,
15.157592197472677,15.445593418066442,13.32206666549804,15.157592197472677,2.263992934014017,2.263992934014017,2.263992934014017,10.698059866452837,10.698059866452837,10.698059866452837,18.447537664686497,Fail ,
15.157592197472677,15.445593418066442,13.32206666549804,15.157592197472677,2.263992934014017,2.263992934014017,2.263992934014017,10.698059866452837,10.698059866452837,10.698059866452837,21.265640687071922,Fail ,
15.157592197472677,15.445593418066442,13.32206666549804,15.157592197472677,2.263992934014017,2.263992934014017,2.263992934014017,10.698059866452837,10.698059866452837,10.698059866452837,19.984733986253868,Fail ,
15.157592197472677,15.445593418066442,13.32206666549804,15.157592197472677,2.263992934014017,2.263992934014017,2.263992934014017,10.698059866452837,10.698059866452837,10.698059866452837,17.628260515068895,Fail ,
15.157592197472677,15.445593418066442,13.32206666549804,15.157592197472677,2.263992934014017,2.263992934014017,2.263992934014017,10.698059866452837,10.698059866452837,10.698059866452837,17.022987811684175,Fail ,
15.157592197472677,15.445593418066442,13.32206666549804,15.157592197472677,2.263992934014017,2.263992934014017,2.263992934014017,10.698059866452837,10.698059866452837,10.698059866452837,21.4589085423866,Fail ,
15.157592197472677,15.445593418066442,13.32206666549804,15.157592197472677,2.263992934014017,2.263992934014017,2.263992934014017,10.698059866452837,10.698059866452837,10.698059866452837,18.863287565454794,Fail ,
15.157592197472677,15.445593418066442,13.32206666549804,15.157592197472677,2.263992934014017,2.263992934014017,2.263992934014017,10.698059866452837,10.698059866452837,10.698059866452837,21.85689922060254,Fail ,
15.157592197472677,15.445593418066442,13.32206666549804,15.157592197472677,2.263992934014017,2.263992934014017,2.263992934014017,10.698059866452837,10.698059866452837,10.698059866452837,19.855625576483327,Fail ,
15.157592197472677,15.445593418066442,13.32206666549804,15.157592197472677,2.263992934014017,2.263992934014017,2.263992934014017,10.698059866452837,10.698059866452837,10.698059866452837,20.517111556057433,Fail ,
15.157592197472677,15.445593418066442,13.32206666549804,15.157592197472677,2.263992934014017,2.263992934014017,2.263992934014017,10.698059866452837,10.698059866452837,10.698059866452837,22.448284301112757,Fail ,
15.157592197472677,15.445593418066442,13.32206666549804,15.157592197472677,2.263992934014017,2.263992934014017,2.263992934014017,10.698059866452837,10.698059866452837,10.698059866452837,18.387036429461517,Fail ,
15.157592197472677,15.445593418066442,13.32206666549804,15.157592197472677,2.263992934014017,2.263992934014017,2.263992934014017,10.698059866452837,10.698059866452837,10.698059866452837,19.330352686399475,Fail ,
15.157592197472677,15.445593418066442,13.32206666549804,15.157592197472677,2.263992934014017,2.263992934014017,2.263992934014017,10.698059866452837,10.698059866452837,10.698059866452837,18.30232606147356,Fail ,
15.157592197472677,15.445593418066442,13.32206666549804,15.157592197472677,2.263992934014017,2.263992934014017,2.263992934014017,10.698059866452837,10.698059866452837,10.698059866452837,21.69061181576868,Fail ,
15.157592197472677,15.445593418066442,13.32206666549804,15.157592197472677,2.263992934014017,2.263992934014017,2.263992934014017,10.698059866452837,10.698059866452837,10.698059866452837,22.569690997333428,Fail ,
15.157592197472677,15.445593418066442,13.32206666549804,15.157592197472677,2.263992934014017,2.263992934014017,2.263992934014017,10.698059866452837,10.698059866452837,10.698059866452837,20.093652617024766,Fail ,
15.157592197472677,15.445593418066442,13.32206666549804,15.157592197472677,2.263992934014017,2.263992934014017,2.263992934014017,10.698059866452837,10.698059866452837,10.698059866452837,19.212115665394073,Fail ,
15.157592197472677,15.445593418066442,13.32206666549804,15.157592197472677,2.263992934014017,2.263992934014017,2.263992934014017,10.698059866452837,10.698059866452837,10.698059866452837,16.948085294130617,Fail ,
15.157592197472677,15.445593418066442,13.32206666549804,15.157592197472677,2.263992934014017,2.263992934014017,2.263992934014017,10.698059866452837,10.698059866452837,10.698059866452837,21.161012105071887,Fail ,
15.157592197472677,15.445593418066442,13.32206666549804,15.157592197472677,2.263992934014017,2.263992934014017,2.263992934014017,10.698059866452837,10.698059866452837,10.698059866452837,20.85029246538638,Fail ,
15.157592197472677,15.445593418066442,13.32206666549804,15.157592197472677,2.263992934014017,2.263992934014017,2.263992934014017,10.698059866452837,10.698059866452837,10.698059866452837,18.471673096014904,Fail ,
15.157592197472677,15.445593418066442,13.32206666549804,15.157592197472677,2.263992934014017,2.263992934014017,2.263992934014017,10.698059866452837,10.698059866452837,10.698059866452837,23.291979355655897,Fail ,
15.157592197472677,15.445593418066442,13.32206666549804,15.157592197472677,2.263992934014017,2.263992934014017,2.263992934014017,10.698059866452837,10.698059866452837,10.698059866452837,20.465775256996604,Fail ,
15.157592197472677,15.445593418066442,13.32206666549804,15.157592197472677,2.263992934014017,2.263992934014017,2.263992934014017,10.698059866452837,10.698059866452837,10.698059866452837,21.193741667716026,Fail ,
15.157592197472677,15.445593418066442,13.32206666549804,15.157592197472677,2.263992934014017,2.263992934014017,2.263992934014017,10.698059866452837,10.698059866452837,10.698059866452837,19.025575869696972,Fail ,
15.157592197472677,15.445593418066442,13.32206666549804,15.157592197472677,2.263992934014017,2.263992934014017,2.263992934014017,10.698059866452837,10.698059866452837,10.698059866452837,22.611251834710544,Fail ,
15.157592197472677,15.445593418066442,13.32206666549804,15.157592197472677,2.263992934014017,2.263992934014017,2.263992934014017,10.698059866452837,10.698059866452837,10.698059866452837,21.50945963834341,Fail ,
15.157592197472677,15.445593418066442,13.32206666549804,15.157592197472677,2.263992934014017,2.263992934014017,2.263992934014017,10.698059866452837,10.698059866452837,10.698059866452837,18.403083282298866,Fail ,
15.157592197472677,15.445593418066442,13.32206666549804,15.157592197472677,2.263992934014017,2.263992934014017,2.263992934014017,10.698059866452837,10.698059866452837,10.698059866452837,20.81930636702983,Fail ,
15.157592197472677,15.445593418066442,13.32206666549804,15.157592197472677,2.263992934014017,2.263992934014017,2.263992934014017,10.698059866452837,10.698059866452837,10.698059866452837,21.16687089434803,Fail ,
15.157592197472677,15.445593418066442,13.32206666549804,15.157592197472677,2.263992934014017,2.263992934014017,2.263992934014017,10.698059866452837,10.698059866452837,10.698059866452837,22.05532897521425,Fail ,
15.157592197472677,15.445593418066442,13.32206666549804,15.157592197472677,2.263992934014017,2.263992934014017,2.263992934014017,10.698059866452837,10.698059866452837,10.698059866452837,17.824342842180037,Fail ,
15.157592197472677,15.445593418066442,13.32206666549804,15.157592197472677,2.263992934014017,2.263992934014017,2.263992934014017,10.698059866452837,10.698059866452837,10.698059866452837,22.523939066171476,Fail ,
15.157592197472677,15.445593418066442,13.32206666549804,15.157592197472677,2.263992934014017,2.263992934014017,2.263992934014017,10.698059866452837,10.698059866452837,10.698059866452837,19.042021070293227,Fail ,
15.157592197472677,15.445593418066442,13.32206666549804,15.157592197472677,2.263992934014017,2.263992934014017,2.263992934014017,10.698059866452837,10.698059866452837,10.698059866452837,19.992000265772973,Fail ,
15.157592197472677,15.445593418066442,13.32206666549804,15.157592197472677,2.263992934014017,2.263992934014017,2.263992934014017,10.698059866452837,10.698059866452837,10.698059866452837,19.51134478900962,Fail ,
15.157592197472677,15.445593418066442,13.32206666549804,15.157592197472677,2.263992934014017,2.263992934014017,2.263992934014017,10.698059866452837,10.698059866452837,10.698059866452837,22.264883130816845,Fail ,
15.157592197472677,15.445593418066442,13.32206666549804,15.157592197472677,2.263992934014017,2.263992934014017,2.263992934014017,10.698059866452837,10.698059866452837,10.698059866452837,17.41927561135685,Fail ,
15.157592197472677,15.445593418066442,13.32206666549804,15.157592197472677,2.263992934014017,2.263992934014017,2.263992934014017,10.698059866452837,10.698059866452837,10.698059866452837,20.332373262548984,Fail ,
15.157592197472677,15.445593418066442,13.32206666549804,15.157592197472677,2.263992934014017,2.263992934014017,2.263992934014017,10.698059866452837,10.698059866452837,10.698059866452837,19.025164945958544,Fail ,
15.157592197472677,15.445593418066442,13.32206666549804,15.157592197472677,2.263992934014017,2.263992934014017,2.263992934014017,10.698059866452837,10.698059866452837,10.698059866452837,20.387882959859258,Fail ,
15.157592197472677,15.445593418066442,13.32206666549804,15.157592197472677,2.263992934014017,2.263992934014017,2.263992934014017,10.698059866452837,10.698059866452837,10.698059866452837,18.58856280104835,Fail ,
15.157592197472677,15.445593418066442,13.32206666549804,15.157592197472677,2.263992934014017,2.263992934014017,2.263992934014017,10.698059866452837,10.698059866452837,10.698059866452837,21.723163208941603,Fail ,
15.157592197472677,15.445593418066442,13.32206666549804,15.157592197472677,2.263992934014017,2.263992934014017,2.263992934014017,10.698059866452837,10.698059866452837,10.698059866452837,16.335093440468373,Fail ,
15.157592197472677,15.445593418066442,13.32206666549804,15.157592197472677,2.263992934014017,2.263992934014017,2.263992934014017,10.698059866452837,10.698059866452837,10.698059866452837,20.44422797732379,Fail ,
15.157592197472677,15.445593418066442,13.32206666549804,15.157592197472677,2.263992934014017,2.263992934014017,2.263992934014017,10.698059866452837,10.698059866452837,10.698059866452837,19.009468629132005,Fail ,
15.157592197472677,15.445593418066442,13.32206666549804,15.157592197472677,2.263992934014017,2.263992934014017,2.263992934014017,10.698059866452837,10.698059866452837,10.698059866452837,23.169262537348676,Fail ,
15.157592197472677,15.445593418066442,13.32206666549804,15.157592197472677,2.263992934014017,2.263992934014017,2.263992934014017,10.698059866452837,10.698059866452837,10.698059866452837,18.90906011485073,Fail ,
15.157592197472677,15.445593418066442,13.32206666549804,15.157592197472677,2.263992934014017,2.263992934014017,2.263992934014017,10.698059866452837,10.698059866452837,10.698059866452837,19.997789275163576,Fail ,
15.157592197472677,15.445593418066442,13.32206666549804,15.157592197472677,2.263992934014017,2.263992934014017,2.263992934014017,10.698059866452837,10.698059866452837,10.698059866452837,18.876369747454508,Fail ,
15.157592197472677,15.445593418066442,13.32206666549804,15.157592197472677,2.263992934014017,2.263992934014017,2.263992934014017,10.698059866452837,10.698059866452837,10.698059866452837,17.098185866405906,Fail ,
15.157592197472677,15.445593418066442,13.32206666549804,15.157592197472677,2.263992934014017,2.263992934014017,2.263992934014017,10.698059866452837,10.698059866452837,10.698059866452837,20.664504033204892,Fail ,
15.157592197472677,15.445593418066442,13.32206666549804,15.157592197472677,2.263992934014017,2.263992934014017,2.263992934014017,10.698059866452837,10.698059866452837,10.698059866452837,19.15037795335832,Fail ,
15.157592197472677,15.445593418066442,13.32206666549804,15.157592197472677,2.263992934014017,2.263992934014017,2.263992934014017,10.698059866452837,10.698059866452837,10.698059866452837,23.895022599081724,Safe ,
15.157592197472677,15.445593418066442,13.32206666549804,15.157592197472677,2.263992934014017,2.263992934014017,2.263992934014017,10.698059866452837,10.698059866452837,10.698059866452837,19.916205775225897,Fail ,
15.157592197472677,15.445593418066442,13.32206666549804,15.157592197472677,2.263992934014017,2.263992934014017,2.263992934014017,10.698059866452837,10.698059866452837,10.698059866452837,18.095690047833834,Fail ,
15.157592197472677,15.445593418066442,13.32206666549804,15.157592197472677,2.263992934014017,2.263992934014017,2.263992934014017,10.698059866452837,10.698059866452837,10.698059866452837,21.240933580946336,Fail ,
15.157592197472677,15.445593418066442,13.32206666549804,15.157592197472677,2.263992934014017,2.263992934014017,2.263992934014017,10.698059866452837,10.698059866452837,10.698059866452837,17.60426100520145,Fail ,
15.157592197472677,15.445593418066442,13.32206666549804,15.157592197472677,2.263992934014017,2.263992934014017,2.263992934014017,10.698059866452837,10.698059866452837,10.698059866452837,20.430596937062102,Fail ,
15.157592197472677,15.445593418066442,13.32206666549804,15.157592197472677,2.263992934014017,2.263992934014017,2.263992934014017,10.698059866452837,10.698059866452837,10.698059866452837,19.389588266780216,Fail ,
15.157592197472677,15.445593418066442,13.32206666549804,15.157592197472677,2.263992934014017,2.263992934014017,2.263992934014017,10.698059866452837,10.698059866452837,10.698059866452837,21.535089788737867,Fail ,
15.157592197472677,15.445593418066442,13.32206666549804,15.157592197472677,2.263992934014017,2.263992934014017,2.263992934014017,10.698059866452837,10.698059866452837,10.698059866452837,24.623663772475478,Safe ,
15.157592197472677,15.445593418066442,13.32206666549804,15.157592197472677,2.263992934014017,2.263992934014017,2.263992934014017,10.698059866452837,10.698059866452837,10.698059866452837,20.53345094328859,Fail ,
15.157592197472677,15.445593418066442,13.32206666549804,15.157592197472677,2.263992934014017,2.263992934014017,2.263992934014017,10.698059866452837,10.698059866452837,10.698059866452837,19.235251585193186,Fail ,
15.157592197472677,15.445593418066442,13.32206666549804,15.157592197472677,2.263992934014017,2.263992934014017,2.263992934014017,10.698059866452837,10.698059866452837,10.698059866452837,20.85756008565115,Fail ,
15.157592197472677,15.445593418066442,13.32206666549804,15.157592197472677,2.263992934014017,2.263992934014017,2.263992934014017,10.698059866452837,10.698059866452837,10.698059866452837,20.007706794037997,Fail ,
15.157592197472677,15.445593418066442,13.32206666549804,15.157592197472677,2.263992934014017,2.263992934014017,2.263992934014017,10.698059866452837,10.698059866452837,10.698059866452837,19.145891721414554,Fail ,
15.157592197472677,15.445593418066442,13.32206666549804,15.157592197472677,2.263992934014017,2.263992934014017,2.263992934014017,10.698059866452837,10.698059866452837,10.698059866452837,25.460381150378275,Safe ,
15.157592197472677,15.445593418066442,13.32206666549804,15.157592197472677,2.263992934014017,2.263992934014017,2.263992934014017,10.698059866452837,10.698059866452837,10.698059866452837,23.213724023937214,Fail ,
15.157592197472677,15.445593418066442,13.32206666549804,15.157592197472677,2.263992934014017,2.263992934014017,2.263992934014017,10.698059866452837,10.698059866452837,10.698059866452837,21.393094579751182,Fail ,
15.157592197472677,15.445593418066442,13.32206666549804,15.157592197472677,2.263992934014017,2.263992934014017,2.263992934014017,10.698059866452837,10.698059866452837,10.698059866452837,19.745113222230767,Fail ,
15.157592197472677,15.445593418066442,13.32206666549804,15.157592197472677,2.263992934014017,2.263992934014017,2.263992934014017,10.698059866452837,10.698059866452837,10.698059866452837,20.249259623693415,Fail ,
15.157592197472677,15.445593418066442,13.32206666549804,15.157592197472677,2.263992934014017,2.263992934014017,2.263992934014017,10.698059866452837,10.698059866452837,10.698059866452837,20.752633937815133,Fail ,
15.157592197472677,15.445593418066442,13.32206666549804,15.157592197472677,2.263992934014017,2.263992934014017,2.263992934014017,10.698059866452837,10.698059866452837,10.698059866452837,23.342944371217726,Fail ,
15.157592197472677,15.445593418066442,13.32206666549804,15.157592197472677,2.263992934014017,2.263992934014017,2.263992934014017,10.698059866452837,10.698059866452837,10.698059866452837,19.267484990314696,Fail ,
15.157592197472677,15.445593418066442,13.32206666549804,15.157592197472677,2.263992934014017,2.263992934014017,2.263992934014017,10.698059866452837,10.698059866452837,10.698059866452837,20.49725724877392,Fail ,
15.157592197472677,15.445593418066442,13.32206666549804,15.157592197472677,2.263992934014017,2.263992934014017,2.263992934014017,10.698059866452837,10.698059866452837,10.698059866452837,21.30456999467523,Fail ,
15.157592197472677,15.445593418066442,13.32206666549804,15.157592197472677,2.263992934014017,2.263992934014017,2.263992934014017,10.698059866452837,10.698059866452837,10.698059866452837,23.332133474249037,Fail ,
15.157592197472677,15.445593418066442,13.32206666549804,15.157592197472677,2.263992934014017,2.263992934014017,2.263992934014017,10.698059866452837,10.698059866452837,10.698059866452837,19.28740957421504,Fail ,
15.157592197472677,15.445593418066442,13.32206666549804,15.157592197472677,2.263992934014017,2.263992934014017,2.263992934014017,10.698059866452837,10.698059866452837,10.698059866452837,20.321441725823284,Fail ,
15.157592197472677,15.445593418066442,13.32206666549804,15.157592197472677,2.263992934014017,2.263992934014017,2.263992934014017,10.698059866452837,10.698059866452837,10.698059866452837,22.606185678561076,Fail ,
15.157592197472677,15.445593418066442,13.32206666549804,15.157592197472677,2.263992934014017,2.263992934014017,2.263992934014017,10.698059866452837,10.698059866452837,10.698059866452837,20.319377686448405,Fail ,
15.157592197472677,15.445593418066442,13.32206666549804,15.157592197472677,2.263992934014017,2.263992934014017,2.263992934014017,10.698059866452837,10.698059866452837,10.698059866452837,19.49857949417093,Fail ,
15.157592197472677,15.445593418066442,13.32206666549804,15.157592197472677,2.263992934014017,2.263992934014017,2.263992934014017,10.698059866452837,10.698059866452837,10.698059866452837,23.844537063448755,Fail ,
15.157592197472677,15.445593418066442,13.32206666549804,15.157592197472677,2.263992934014017,2.263992934014017,2.263992934014017,10.698059866452837,10.698059866452837,10.698059866452837,23.469662081582005,Fail ,
15.157592197472677,15.445593418066442,13.32206666549804,15.157592197472677,2.263992934014017,2.263992934014017,2.263992934014017,10.698059866452837,10.698059866452837,10.698059866452837,19.399412406327993,Fail ,
15.157592197472677,15.445593418066442,13.32206666549804,15.157592197472677,2.263992934014017,2.263992934014017,2.263992934014017,10.698059866452837,10.698059866452837,10.698059866452837,19.234636758471858,Fail ,
15.157592197472677,15.445593418066442,13.32206666549804,15.157592197472677,2.263992934014017,2.263992934014017,2.263992934014017,10.698059866452837,10.698059866452837,10.698059866452837,21.96455160865432,Fail ,
15.157592197472677,15.445593418066442,13.32206666549804,15.157592197472677,2.263992934014017,2.263992934014017,2.263992934014017,10.698059866452837,10.698059866452837,10.698059866452837,19.991819700001784,Fail ,
15.157592197472677,15.445593418066442,13.32206666549804,15.157592197472677,2.263992934014017,2.263992934014017,2.263992934014017,10.698059866452837,10.698059866452837,10.698059866452837,18.765492631265335,Fail ,
15.157592197472677,15.445593418066442,13.32206666549804,15.157592197472677,2.263992934014017,2.263992934014017,2.263992934014017,10.698059866452837,10.698059866452837,10.698059866452837,18.82591138121228,Fail ,
15.157592197472677,15.445593418066442,13.32206666549804,15.157592197472677,2.263992934014017,2.263992934014017,2.263992934014017,10.698059866452837,10.698059866452837,10.698059866452837,21.586864488874983,Fail ,
15.157592197472677,15.445593418066442,13.32206666549804,15.157592197472677,2.263992934014017,2.263992934014017,2.263992934014017,10.698059866452837,10.698059866452837,10.698059866452837,19.897959336380328,Fail ,
15.157592197472677,15.445593418066442,13.32206666549804,15.157592197472677,2.263992934014017,2.263992934014017,2.263992934014017,10.698059866452837,10.698059866452837,10.698059866452837,19.99122419868825,Fail ,
15.157592197472677,15.445593418066442,13.32206666549804,15.157592197472677,2.263992934014017,2.263992934014017,2.263992934014017,10.698059866452837,10.698059866452837,10.698059866452837,19.585685433559206,Fail ,
15.157592197472677,15.445593418066442,13.32206666549804,15.157592197472677,2.263992934014017,2.263992934014017,2.263992934014017,10.698059866452837,10.698059866452837,10.698059866452837,18.97184390097832,Fail ,
15.157592197472677,15.445593418066442,13.32206666549804,15.157592197472677,2.263992934014017,2.263992934014017,2.263992934014017,10.698059866452837,10.698059866452837,10.698059866452837,16.14911179027728,Fail ,
15.157592197472677,15.445593418066442,13.32206666549804,15.157592197472677,2.263992934014017,2.263992934014017,2.263992934014017,10.698059866452837,10.698059866452837,10.698059866452837,16.94034156649298,Fail ,
15.157592197472677,15.445593418066442,13.32206666549804,15.157592197472677,2.263992934014017,2.263992934014017,2.263992934014017,10.698059866452837,10.698059866452837,10.698059866452837,19.977876066405162,Fail ,
15.157592197472677,15.445593418066442,13.32206666549804,15.157592197472677,2.263992934014017,2.263992934014017,2.263992934014017,10.698059866452837,10.698059866452837,10.698059866452837,22.954267891560978,Fail ,
15.157592197472677,15.445593418066442,13.32206666549804,15.157592197472677,2.263992934014017,2.263992934014017,2.263992934014017,10.698059866452837,10.698059866452837,10.698059866452837,21.85958291288025,Fail ,
15.157592197472677,15.445593418066442,13.32206666549804,15.157592197472677,2.263992934014017,2.263992934014017,2.263992934014017,10.698059866452837,10.698059866452837,10.698059866452837,20.572216263381314,Fail ,
15.157592197472677,15.445593418066442,13.32206666549804,15.157592197472677,2.263992934014017,2.263992934014017,2.263992934014017,10.698059866452837,10.698059866452837,10.698059866452837,15.419520114453425,Fail ,
15.157592197472677,15.445593418066442,13.32206666549804,15.157592197472677,2.263992934014017,2.263992934014017,2.263992934014017,10.698059866452837,10.698059866452837,10.698059866452837,19.79847284431795,Fail ,
15.157592197472677,15.445593418066442,13.32206666549804,15.157592197472677,2.263992934014017,2.263992934014017,2.263992934014017,10.698059866452837,10.698059866452837,10.698059866452837,20.12040231568235,Fail ,
15.157592197472677,15.445593418066442,13.32206666549804,15.157592197472677,2.263992934014017,2.263992934014017,2.263992934014017,10.698059866452837,10.698059866452837,10.698059866452837,21.89410026457094,Fail ,
15.157592197472677,15.445593418066442,13.32206666549804,15.157592197472677,2.263992934014017,2.263992934014017,2.263992934014017,10.698059866452837,10.698059866452837,10.698059866452837,18.589790543207844,Fail ,
15.157592197472677,15.445593418066442,13.32206666549804,15.157592197472677,2.263992934014017,2.263992934014017,2.263992934014017,10.698059866452837,10.698059866452837,10.698059866452837,18.35688612250878,Fail ,
15.157592197472677,15.445593418066442,13.32206666549804,15.157592197472677,2.263992934014017,2.263992934014017,2.263992934014017,10.698059866452837,10.698059866452837,10.698059866452837,18.205363679072196,Fail ,
15.157592197472677,15.445593418066442,13.32206666549804,15.157592197472677,2.263992934014017,2.263992934014017,2.263992934014017,10.698059866452837,10.698059866452837,10.698059866452837,19.644570664824904,Fail ,
15.157592197472677,15.445593418066442,13.32206666549804,15.157592197472677,2.263992934014017,2.263992934014017,2.263992934014017,10.698059866452837,10.698059866452837,10.698059866452837,22.123540354551974,Fail ,
15.157592197472677,15.445593418066442,13.32206666549804,15.157592197472677,2.263992934014017,2.263992934014017,2.263992934014017,10.698059866452837,10.698059866452837,10.698059866452837,21.13709873255581,Fail ,
15.157592197472677,15.445593418066442,13.32206666549804,15.157592197472677,2.263992934014017,2.263992934014017,2.263992934014017,10.698059866452837,10.698059866452837,10.698059866452837,20.554914471682963,Fail ,
15.157592197472677,15.445593418066442,13.32206666549804,15.157592197472677,2.263992934014017,2.263992934014017,2.263992934014017,10.698059866452837,10.698059866452837,10.698059866452837,20.664931008562665,Fail ,
15.157592197472677,15.445593418066442,13.32206666549804,15.157592197472677,2.263992934014017,2.263992934014017,2.263992934014017,10.698059866452837,10.698059866452837,10.698059866452837,19.867335959232257,Fail ,
15.157592197472677,15.445593418066442,13.32206666549804,15.157592197472677,2.263992934014017,2.263992934014017,2.263992934014017,10.698059866452837,10.698059866452837,10.698059866452837,20.22584854468042,Fail ,
15.157592197472677,15.445593418066442,13.32206666549804,15.157592197472677,2.263992934014017,2.263992934014017,2.263992934014017,10.698059866452837,10.698059866452837,10.698059866452837,22.119926329872523,Fail ,
15.157592197472677,15.445593418066442,13.32206666549804,15.157592197472677,2.263992934014017,2.263992934014017,2.263992934014017,10.698059866452837,10.698059866452837,10.698059866452837,18.95130316097181,Fail ,
15.157592197472677,15.445593418066442,13.32206666549804,15.157592197472677,2.263992934014017,2.263992934014017,2.263992934014017,10.698059866452837,10.698059866452837,10.698059866452837,22.369397915569476,Fail ,
15.157592197472677,15.445593418066442,13.32206666549804,15.157592197472677,2.263992934014017,2.263992934014017,2.263992934014017,10.698059866452837,10.698059866452837,10.698059866452837,18.633679732164556,Fail ,
15.157592197472677,15.445593418066442,13.32206666549804,15.157592197472677,2.263992934014017,2.263992934014017,2.263992934014017,10.698059866452837,10.698059866452837,10.698059866452837,20.278915873437423,Fail ,
15.157592197472677,15.445593418066442,13.32206666549804,15.157592197472677,2.263992934014017,2.263992934014017,2.263992934014017,10.698059866452837,10.698059866452837,10.698059866452837,22.339273320352124,Fail ,
15.157592197472677,15.445593418066442,13.32206666549804,15.157592197472677,2.263992934014017,2.263992934014017,2.263992934014017,10.698059866452837,10.698059866452837,10.698059866452837,16.764307757622504,Fail ,
15.157592197472677,15.445593418066442,13.32206666549804,15.157592197472677,2.263992934014017,2.263992934014017,2.263992934014017,10.698059866452837,10.698059866452837,10.698059866452837,20.761832418980717,Fail ,
15.157592197472677,15.445593418066442,13.32206666549804,15.157592197472677,2.263992934014017,2.263992934014017,2.263992934014017,10.698059866452837,10.698059866452837,10.698059866452837,23.546950893627102,Fail ,
15.157592197472677,15.445593418066442,13.32206666549804,15.157592197472677,2.263992934014017,2.263992934014017,2.263992934014017,10.698059866452837,10.698059866452837,10.698059866452837,23.81010975884157,Fail ,
15.157592197472677,15.445593418066442,13.32206666549804,15.157592197472677,2.263992934014017,2.263992934014017,2.263992934014017,10.698059866452837,10.698059866452837,10.698059866452837,20.446068746606713,Fail ,
15.157592197472677,15.445593418066442,13.32206666549804,15.157592197472677,2.263992934014017,2.263992934014017,2.263992934014017,10.698059866452837,10.698059866452837,10.698059866452837,22.79567525178721,Fail ,
15.157592197472677,15.445593418066442,13.32206666549804,15.157592197472677,2.263992934014017,2.263992934014017,2.263992934014017,10.698059866452837,10.698059866452837,10.698059866452837,19.24626818548539,Fail ,
15.157592197472677,15.445593418066442,13.32206666549804,15.157592197472677,2.263992934014017,2.263992934014017,2.263992934014017,10.698059866452837,10.698059866452837,10.698059866452837,18.68386691768583,Fail ,
15.157592197472677,15.445593418066442,13.32206666549804,15.157592197472677,2.263992934014017,2.263992934014017,2.263992934014017,10.698059866452837,10.698059866452837,10.698059866452837,17.49186517651744,Fail ,
15.157592197472677,15.445593418066442,13.32206666549804,15.157592197472677,2.263992934014017,2.263992934014017,2.263992934014017,10.698059866452837,10.698059866452837,10.698059866452837,18.033487265888468,Fail ,
15.157592197472677,15.445593418066442,13.32206666549804,15.157592197472677,2.263992934014017,2.263992934014017,2.263992934014017,10.698059866452837,10.698059866452837,10.698059866452837,21.758452364502464,Fail ,
15.157592197472677,15.445593418066442,13.32206666549804,15.157592197472677,2.263992934014017,2.263992934014017,2.263992934014017,10.698059866452837,10.698059866452837,10.698059866452837,20.577324972385252,Fail ,
15.157592197472677,15.445593418066442,13.32206666549804,15.157592197472677,2.263992934014017,2.263992934014017,2.263992934014017,10.698059866452837,10.698059866452837,10.698059866452837,20.32125530790708,Fail ,
15.157592197472677,15.445593418066442,13.32206666549804,15.157592197472677,2.263992934014017,2.263992934014017,2.263992934014017,10.698059866452837,10.698059866452837,10.698059866452837,20.606257124424083,Fail ,
15.157592197472677,15.445593418066442,13.32206666549804,15.157592197472677,2.263992934014017,2.263992934014017,2.263992934014017,10.698059866452837,10.698059866452837,10.698059866452837,21.191272286689586,Fail ,
15.157592197472677,15.445593418066442,13.32206666549804,15.157592197472677,2.263992934014017,2.263992934014017,2.263992934014017,10.698059866452837,10.698059866452837,10.698059866452837,19.657105863175232,Fail ,
15.157592197472677,15.445593418066442,13.32206666549804,15.157592197472677,2.263992934014017,2.263992934014017,2.263992934014017,10.698059866452837,10.698059866452837,10.698059866452837,18.496336482325574,Fail ,
15.157592197472677,15.445593418066442,13.32206666549804,15.157592197472677,2.263992934014017,2.263992934014017,2.263992934014017,10.698059866452837,10.698059866452837,10.698059866452837,20.348532082344672,Fail ,
15.157592197472677,15.445593418066442,13.32206666549804,15.157592197472677,2.263992934014017,2.263992934014017,2.263992934014017,10.698059866452837,10.698059866452837,10.698059866452837,21.597090384340685,Fail ,
15.157592197472677,15.445593418066442,13.32206666549804,15.157592197472677,2.263992934014017,2.263992934014017,2.263992934014017,10.698059866452837,10.698059866452837,10.698059866452837,20.636599703861194,Fail ,
15.157592197472677,15.445593418066442,13.32206666549804,15.157592197472677,2.263992934014017,2.263992934014017,2.263992934014017,10.698059866452837,10.698059866452837,10.698059866452837,22.560782561270425,Fail ,
15.157592197472677,15.445593418066442,13.32206666549804,15.157592197472677,2.263992934014017,2.263992934014017,2.263992934014017,10.698059866452837,10.698059866452837,10.698059866452837,21.289550985906015,Fail ,
15.157592197472677,15.445593418066442,13.32206666549804,15.157592197472677,2.263992934014017,2.263992934014017,2.263992934014017,10.698059866452837,10.698059866452837,10.698059866452837,17.52200058996526,Fail ,
15.157592197472677,15.445593418066442,13.32206666549804,15.157592197472677,2.263992934014017,2.263992934014017,2.263992934014017,10.698059866452837,10.698059866452837,10.698059866452837,20.075898522241168,Fail ,
15.157592197472677,15.445593418066442,13.32206666549804,15.157592197472677,2.263992934014017,2.263992934014017,2.263992934014017,10.698059866452837,10.698059866452837,10.698059866452837,19.432335146327254,Fail ,
15.157592197472677,15.445593418066442,13.32206666549804,15.157592197472677,2.263992934014017,2.263992934014017,2.263992934014017,10.698059866452837,10.698059866452837,10.698059866452837,21.423901218653388,Fail ,
15.157592197472677,15.445593418066442,13.32206666549804,15.157592197472677,2.263992934014017,2.263992934014017,2.263992934014017,10.698059866452837,10.698059866452837,10.698059866452837,18.982804501870653,Fail ,
15.157592197472677,15.445593418066442,13.32206666549804,15.157592197472677,2.263992934014017,2.263992934014017,2.263992934014017,10.698059866452837,10.698059866452837,10.698059866452837,22.661803559870826,Fail ,
15.157592197472677,15.445593418066442,13.32206666549804,15.157592197472677,2.263992934014017,2.263992934014017,2.263992934014017,10.698059866452837,10.698059866452837,10.698059866452837,20.49986231602267,Fail ,
15.157592197472677,15.445593418066442,13.32206666549804,15.157592197472677,2.263992934014017,2.263992934014017,2.263992934014017,10.698059866452837,10.698059866452837,10.698059866452837,20.352855989729363,Fail ,
15.157592197472677,15.445593418066442,13.32206666549804,15.157592197472677,2.263992934014017,2.263992934014017,2.263992934014017,10.698059866452837,10.698059866452837,10.698059866452837,21.5704473497711,Fail ,
15.157592197472677,15.445593418066442,13.32206666549804,15.157592197472677,2.263992934014017,2.263992934014017,2.263992934014017,10.698059866452837,10.698059866452837,10.698059866452837,21.13916157647703,Fail ,
15.157592197472677,15.445593418066442,13.32206666549804,15.157592197472677,2.263992934014017,2.263992934014017,2.263992934014017,10.698059866452837,10.698059866452837,10.698059866452837,18.355778305617036,Fail ,
15.157592197472677,15.445593418066442,13.32206666549804,15.157592197472677,2.263992934014017,2.263992934014017,2.263992934014017,10.698059866452837,10.698059866452837,10.698059866452837,20.71651708083402,Fail ,
15.157592197472677,15.445593418066442,13.32206666549804,15.157592197472677,2.263992934014017,2.263992934014017,2.263992934014017,10.698059866452837,10.698059866452837,10.698059866452837,19.723689015428178,Fail ,
15.157592197472677,15.445593418066442,13.32206666549804,15.157592197472677,2.263992934014017,2.263992934014017,2.263992934014017,10.698059866452837,10.698059866452837,10.698059866452837,18.312619353586395,Fail ,
15.157592197472677,15.445593418066442,13.32206666549804,15.157592197472677,2.263992934014017,2.263992934014017,2.263992934014017,10.698059866452837,10.698059866452837,10.698059866452837,20.352512233394844,Fail ,
15.157592197472677,15.445593418066442,13.32206666549804,15.157592197472677,2.263992934014017,2.263992934014017,2.263992934014017,10.698059866452837,10.698059866452837,10.698059866452837,20.992485959883787,Fail ,
15.157592197472677,15.445593418066442,13.32206666549804,15.157592197472677,2.263992934014017,2.263992934014017,2.263992934014017,10.698059866452837,10.698059866452837,10.698059866452837,18.469580946361127,Fail ,
15.157592197472677,15.445593418066442,13.32206666549804,15.157592197472677,2.263992934014017,2.263992934014017,2.263992934014017,10.698059866452837,10.698059866452837,10.698059866452837,18.26950984888992,Fail ,
15.157592197472677,15.445593418066442,13.32206666549804,15.157592197472677,2.263992934014017,2.263992934014017,2.263992934014017,10.698059866452837,10.698059866452837,10.698059866452837,19.183162113646944,Fail ,
15.157592197472677,15.445593418066442,13.32206666549804,15.157592197472677,2.263992934014017,2.263992934014017,2.263992934014017,10.698059866452837,10.698059866452837,10.698059866452837,20.560311416277937,Fail ,
15.157592197472677,15.445593418066442,13.32206666549804,15.157592197472677,2.263992934014017,2.263992934014017,2.263992934014017,10.698059866452837,10.698059866452837,10.698059866452837,22.375343923497496,Fail ,
15.157592197472677,15.445593418066442,13.32206666549804,15.157592197472677,2.263992934014017,2.263992934014017,2.263992934014017,10.698059866452837,10.698059866452837,10.698059866452837,22.035221664149418,Fail ,
15.157592197472677,15.445593418066442,13.32206666549804,15.157592197472677,2.263992934014017,2.263992934014017,2.263992934014017,10.698059866452837,10.698059866452837,10.698059866452837,22.01225240018403,Fail ,
15.157592197472677,15.445593418066442,13.32206666549804,15.157592197472677,2.263992934014017,2.263992934014017,2.263992934014017,10.698059866452837,10.698059866452837,10.698059866452837,19.98227719024237,Fail ,
15.157592197472677,15.445593418066442,13.32206666549804,15.157592197472677,2.263992934014017,2.263992934014017,2.263992934014017,10.698059866452837,10.698059866452837,10.698059866452837,21.874534139125277,Fail ,
15.157592197472677,15.445593418066442,13.32206666549804,15.157592197472677,2.263992934014017,2.263992934014017,2.263992934014017,10.698059866452837,10.698059866452837,10.698059866452837,22.182006681546994,Fail ,
15.157592197472677,15.445593418066442,13.32206666549804,15.157592197472677,2.263992934014017,2.263992934014017,2.263992934014017,10.698059866452837,10.698059866452837,10.698059866452837,19.283889430238837,Fail ,
15.157592197472677,15.445593418066442,13.32206666549804,15.157592197472677,2.263992934014017,2.263992934014017,2.263992934014017,10.698059866452837,10.698059866452837,10.698059866452837,18.747346888222967,Fail ,
15.157592197472677,15.445593418066442,13.32206666549804,15.157592197472677,2.263992934014017,2.263992934014017,2.263992934014017,10.698059866452837,10.698059866452837,10.698059866452837,23.046518978993625,Fail ,
15.157592197472677,15.445593418066442,13.32206666549804,15.157592197472677,2.263992934014017,2.263992934014017,2.263992934014017,10.698059866452837,10.698059866452837,10.698059866452837,17.582767352232594,Fail ,
15.157592197472677,15.445593418066442,13.32206666549804,15.157592197472677,2.263992934014017,2.263992934014017,2.263992934014017,10.698059866452837,10.698059866452837,10.698059866452837,19.168693537529524,Fail ,
15.157592197472677,15.445593418066442,13.32206666549804,15.157592197472677,2.263992934014017,2.263992934014017,2.263992934014017,10.698059866452837,10.698059866452837,10.698059866452837,19.91504323892581,Fail ,
15.157592197472677,15.445593418066442,13.32206666549804,15.157592197472677,2.263992934014017,2.263992934014017,2.263992934014017,10.698059866452837,10.698059866452837,10.698059866452837,19.85793582217336,Fail ,
15.157592197472677,15.445593418066442,13.32206666549804,15.157592197472677,2.263992934014017,2.263992934014017,2.263992934014017,10.698059866452837,10.698059866452837,10.698059866452837,23.871082760011042,Fail ,
15.157592197472677,15.445593418066442,13.32206666549804,15.157592197472677,2.263992934014017,2.263992934014017,2.263992934014017,10.698059866452837,10.698059866452837,10.698059866452837,17.654144395579625,Fail ,
15.157592197472677,15.445593418066442,13.32206666549804,15.157592197472677,2.263992934014017,2.263992934014017,2.263992934014017,10.698059866452837,10.698059866452837,10.698059866452837,19.85417440968654,Fail ,
15.157592197472677,15.445593418066442,13.32206666549804,15.157592197472677,2.263992934014017,2.263992934014017,2.263992934014017,10.698059866452837,10.698059866452837,10.698059866452837,18.5538995874216,Fail ,
15.157592197472677,15.445593418066442,13.32206666549804,15.157592197472677,2.263992934014017,2.263992934014017,2.263992934014017,10.698059866452837,10.698059866452837,10.698059866452837,22.42784783911385,Fail ,
15.157592197472677,15.445593418066442,13.32206666549804,15.157592197472677,2.263992934014017,2.263992934014017,2.263992934014017,10.698059866452837,10.698059866452837,10.698059866452837,20.46154120207873,Fail ,
15.157592197472677,15.445593418066442,13.32206666549804,15.157592197472677,2.263992934014017,2.263992934014017,2.263992934014017,10.698059866452837,10.698059866452837,10.698059866452837,18.459941682095035,Fail ,
15.157592197472677,15.445593418066442,13.32206666549804,15.157592197472677,2.263992934014017,2.263992934014017,2.263992934014017,10.698059866452837,10.698059866452837,10.698059866452837,21.666773301531112,Fail ,
15.157592197472677,15.445593418066442,13.32206666549804,15.157592197472677,2.263992934014017,2.263992934014017,2.263992934014017,10.698059866452837,10.698059866452837,10.698059866452837,20.724221728958508,Fail ,
15.157592197472677,15.445593418066442,13.32206666549804,15.157592197472677,2.263992934014017,2.263992934014017,2.263992934014017,10.698059866452837,10.698059866452837,10.698059866452837,24.14583492087,Safe ,
15.157592197472677,15.445593418066442,13.32206666549804,15.157592197472677,2.263992934014017,2.263992934014017,2.263992934014017,10.698059866452837,10.698059866452837,10.698059866452837,22.333396204648217,Fail ,
15.157592197472677,15.445593418066442,13.32206666549804,15.157592197472677,2.263992934014017,2.263992934014017,2.263992934014017,10.698059866452837,10.698059866452837,10.698059866452837,19.947540636077928,Fail ,
15.157592197472677,15.445593418066442,13.32206666549804,15.157592197472677,2.263992934014017,2.263992934014017,2.263992934014017,10.698059866452837,10.698059866452837,10.698059866452837,18.94037989078804,Fail ,
15.157592197472677,15.445593418066442,13.32206666549804,15.157592197472677,2.263992934014017,2.263992934014017,2.263992934014017,10.698059866452837,10.698059866452837,10.698059866452837,21.012235150065944,Fail ,
15.157592197472677,15.445593418066442,13.32206666549804,15.157592197472677,2.263992934014017,2.263992934014017,2.263992934014017,10.698059866452837,10.698059866452837,10.698059866452837,22.64546375891395,Fail ,
15.157592197472677,15.445593418066442,13.32206666549804,15.157592197472677,2.263992934014017,2.263992934014017,2.263992934014017,10.698059866452837,10.698059866452837,10.698059866452837,21.142172950996784,Fail ,
