W14X22, L = 360.0 in, slope = 0.020833333333333332 in/in, dead load = 6.944444444444444e-05 kip/in^2
zwlim AISC Appendix 2,zwlim DAMP,zwlim Proposed for ASCE 7,zwlim Neglect Ponding,dhnom Denver,dhnom New York,dhnom New Orleans,dh Denver,dh New York,dh New Orleans,dmax
15.157592197472677,15.445593418066442,13.32206666549804,15.157592197472677,5.493525161759553,5.493525161759553,5.493525161759553,9.3195585366503,9.3195585366503,9.3195585366503,22.047509505453405,Safe ,
15.157592197472677,15.445593418066442,13.32206666549804,15.157592197472677,5.493525161759553,5.493525161759553,5.493525161759553,9.3195585366503,9.3195585366503,9.3195585366503,19.262093908908266,Fail ,
15.157592197472677,15.445593418066442,13.32206666549804,15.157592197472677,5.493525161759553,5.493525161759553,5.493525161759553,9.3195585366503,9.3195585366503,9.3195585366503,18.53332667807389,Fail ,
15.157592197472677,15.445593418066442,13.32206666549804,15.157592197472677,5.493525161759553,5.493525161759553,5.493525161759553,9.3195585366503,9.3195585366503,9.3195585366503,21.76698084466871,Safe ,
15.157592197472677,15.445593418066442,13.32206666549804,15.157592197472677,5.493525161759553,5.493525161759553,5.493525161759553,9.3195585366503,9.3195585366503,9.3195585366503,18.276645422724485,Fail ,
15.157592197472677,15.445593418066442,13.32206666549804,15.157592197472677,5.493525161759553,5.493525161759553,5.493525161759553,9.3195585366503,9.3195585366503,9.3195585366503,26.925829409937958,Safe ,
15.157592197472677,15.445593418066442,13.32206666549804,15.157592197472677,5.493525161759553,5.493525161759553,5.493525161759553,9.3195585366503,9.3195585366503,9.3195585366503,20.342482992638917,Safe ,
15.157592197472677,15.445593418066442,13.32206666549804,15.157592197472677,5.493525161759553,5.493525161759553,5.493525161759553,9.3195585366503,9.3195585366503,9.3195585366503,18.448032881982815,Fail ,
15.157592197472677,15.445593418066442,13.32206666549804,15.157592197472677,5.493525161759553,5.493525161759553,5.493525161759553,9.3195585366503,9.3195585366503,9.3195585366503,21.266134483763345,Safe ,
15.157592197472677,15.445593418066442,13.32206666549804,15.157592197472677,5.493525161759553,5.493525161759553,5.493525161759553,9.3195585366503,9.3195585366503,9.3195585366503,19.98515741618673,Safe ,
15.157592197472677,15.445593418066442,13.32206666549804,15.157592197472677,5.493525161759553,5.493525161759553,5.493525161759553,9.3195585366503,9.3195585366503,9.3195585366503,17.628934872223095,Fail ,
15.157592197472677,15.445593418066442,13.32206666549804,15.157592197472677,5.493525161759553,5.493525161759553,5.493525161759553,9.3195585366503,9.3195585366503,9.3195585366503,17.023675348909958,Fail ,
15.157592197472677,15.445593418066442,13.32206666549804,15.157592197472677,5.493525161759553,5.493525161759553,5.493525161759553,9.3195585366503,9.3195585366503,9.3195585366503,21.459300092159914,Safe ,
15.157592197472677,15.445593418066442,13.32206666549804,15.157592197472677,5.493525161759553,5.493525161759553,5.493525161759553,9.3195585366503,9.3195585366503,9.3195585366503,18.863952047149,Fail ,
15.157592197472677,15.445593418066442,13.32206666549804,15.157592197472677,5.493525161759553,5.493525161759553,5.493525161759553,9.3195585366503,9.3195585366503,9.3195585366503,21.85738616403282,Safe ,
15.157592197472677,15.445593418066442,13.32206666549804,15.157592197472677,5.493525161759553,5.493525161759553,5.493525161759553,9.3195585366503,9.3195585366503,9.3195585366503,19.856059149432763,Safe ,
15.157592197472677,15.445593418066442,13.32206666549804,15.157592197472677,5.493525161759553,5.493525161759553,5.493525161759553,9.3195585366503,9.3195585366503,9.3195585366503,20.51764413249004,Safe ,
15.157592197472677,15.445593418066442,13.32206666549804,15.157592197472677,5.493525161759553,5.493525161759553,5.493525161759553,9.3195585366503,9.3195585366503,9.3195585366503,22.448719365078908,Safe ,
15.157592197472677,15.445593418066442,13.32206666549804,15.157592197472677,5.493525161759553,5.493525161759553,5.493525161759553,9.3195585366503,9.3195585366503,9.3195585366503,18.387564574403616,Fail ,
15.157592197472677,15.445593418066442,13.32206666549804,15.157592197472677,5.493525161759553,5.493525161759553,5.493525161759553,9.3195585366503,9.3195585366503,9.3195585366503,19.331046180341083,Safe ,
15.157592197472677,15.445593418066442,13.32206666549804,15.157592197472677,5.493525161759553,5.493525161759553,5.493525161759553,9.3195585366503,9.3195585366503,9.3195585366503,18.302963202359585,Fail ,
15.157592197472677,15.445593418066442,13.32206666549804,15.157592197472677,5.493525161759553,5.493525161759553,5.493525161759553,9.3195585366503,9.3195585366503,9.3195585366503,21.691102941090836,Safe ,
15.157592197472677,15.445593418066442,13.32206666549804,15.157592197472677,5.493525161759553,5.493525161759553,5.493525161759553,9.3195585366503,9.3195585366503,9.3195585366503,22.570119677648325,Safe ,
15.157592197472677,15.445593418066442,13.32206666549804,15.157592197472677,5.493525161759553,5.493525161759553,5.493525161759553,9.3195585366503,9.3195585366503,9.3195585366503,20.09410543485809,Safe ,
15.157592197472677,15.445593418066442,13.32206666549804,15.157592197472677,5.493525161759553,5.493525161759553,5.493525161759553,9.3195585366503,9.3195585366503,9.3195585366503,19.21279636254959,Fail ,
15.157592197472677,15.445593418066442,13.32206666549804,15.157592197472677,5.493525161759553,5.493525161759553,5.493525161759553,9.3195585366503,9.3195585366503,9.3195585366503,16.94875115788388,Fail ,
15.157592197472677,15.445593418066442,13.32206666549804,15.157592197472677,5.493525161759553,5.493525161759553,5.493525161759553,9.3195585366503,9.3195585366503,9.3195585366503,21.161616113552657,Safe ,
15.157592197472677,15.445593418066442,13.32206666549804,15.157592197472677,5.493525161759553,5.493525161759553,5.493525161759553,9.3195585366503,9.3195585366503,9.3195585366503,20.850781843376257,Safe ,
15.157592197472677,15.445593418066442,13.32206666549804,15.157592197472677,5.493525161759553,5.493525161759553,5.493525161759553,9.3195585366503,9.3195585366503,9.3195585366503,18.472215253671802,Fail ,
15.157592197472677,15.445593418066442,13.32206666549804,15.157592197472677,5.493525161759553,5.493525161759553,5.493525161759553,9.3195585366503,9.3195585366503,9.3195585366503,23.292402495088357,Safe ,
15.157592197472677,15.445593418066442,13.32206666549804,15.157592197472677,5.493525161759553,5.493525161759553,5.493525161759553,9.3195585366503,9.3195585366503,9.3195585366503,20.46643527184522,Safe ,
15.157592197472677,15.445593418066442,13.32206666549804,15.157592197472677,5.493525161759553,5.493525161759553,5.493525161759553,9.3195585366503,9.3195585366503,9.3195585366503,21.194222257351345,Safe ,
15.157592197472677,15.445593418066442,13.32206666549804,15.157592197472677,5.493525161759553,5.493525161759553,5.493525161759553,9.3195585366503,9.3195585366503,9.3195585366503,19.02603219777563,Fail ,
15.157592197472677,15.445593418066442,13.32206666549804,15.157592197472677,5.493525161759553,5.493525161759553,5.493525161759553,9.3195585366503,9.3195585366503,9.3195585366503,22.611667412177738,Safe ,
15.157592197472677,15.445593418066442,13.32206666549804,15.157592197472677,5.493525161759553,5.493525161759553,5.493525161759553,9.3195585366503,9.3195585366503,9.3195585366503,21.509950738791765,Safe ,
15.157592197472677,15.445593418066442,13.32206666549804,15.157592197472677,5.493525161759553,5.493525161759553,5.493525161759553,9.3195585366503,9.3195585366503,9.3195585366503,18.403707182267972,Fail ,
15.157592197472677,15.445593418066442,13.32206666549804,15.157592197472677,5.493525161759553,5.493525161759553,5.493525161759553,9.3195585366503,9.3195585366503,9.3195585366503,20.81990264719106,Safe ,
15.157592197472677,15.445593418066442,13.32206666549804,15.157592197472677,5.493525161759553,5.493525161759553,5.493525161759553,9.3195585366503,9.3195585366503,9.3195585366503,21.167256101515385,Safe ,
15.157592197472677,15.445593418066442,13.32206666549804,15.157592197472677,5.493525161759553,5.493525161759553,5.493525161759553,9.3195585366503,9.3195585366503,9.3195585366503,22.055778334489407,Safe ,
15.157592197472677,15.445593418066442,13.32206666549804,15.157592197472677,5.493525161759553,5.493525161759553,5.493525161759553,9.3195585366503,9.3195585366503,9.3195585366503,17.825027472143905,Fail ,
15.157592197472677,15.445593418066442,13.32206666549804,15.157592197472677,5.493525161759553,5.493525161759553,5.493525161759553,9.3195585366503,9.3195585366503,9.3195585366503,22.524475075869727,Safe ,
15.157592197472677,15.445593418066442,13.32206666549804,15.157592197472677,5.493525161759553,5.493525161759553,5.493525161759553,9.3195585366503,9.3195585366503,9.3195585366503,19.042532816939307,Fail ,
15.157592197472677,15.445593418066442,13.32206666549804,15.157592197472677,5.493525161759553,5.493525161759553,5.493525161759553,9.3195585366503,9.3195585366503,9.3195585366503,19.992406020621257,Safe ,
15.157592197472677,15.445593418066442,13.32206666549804,15.157592197472677,5.493525161759553,5.493525161759553,5.493525161759553,9.3195585366503,9.3195585366503,9.3195585366503,19.511923001965595,Safe ,
15.157592197472677,15.445593418066442,13.32206666549804,15.157592197472677,5.493525161759553,5.493525161759553,5.493525161759553,9.3195585366503,9.3195585366503,9.3195585366503,22.26531319673137,Safe ,
15.157592197472677,15.445593418066442,13.32206666549804,15.157592197472677,5.493525161759553,5.493525161759553,5.493525161759553,9.3195585366503,9.3195585366503,9.3195585366503,17.41998115097673,Fail ,
15.157592197472677,15.445593418066442,13.32206666549804,15.157592197472677,5.493525161759553,5.493525161759553,5.493525161759553,9.3195585366503,9.3195585366503,9.3195585366503,20.3328193385619,Safe ,
15.157592197472677,15.445593418066442,13.32206666549804,15.157592197472677,5.493525161759553,5.493525161759553,5.493525161759553,9.3195585366503,9.3195585366503,9.3195585366503,19.025781590470814,Fail ,
15.157592197472677,15.445593418066442,13.32206666549804,15.157592197472677,5.493525161759553,5.493525161759553,5.493525161759553,9.3195585366503,9.3195585366503,9.3195585366503,20.38832894338294,Safe ,
15.157592197472677,15.445593418066442,13.32206666549804,15.157592197472677,5.493525161759553,5.493525161759553,5.493525161759553,9.3195585366503,9.3195585366503,9.3195585366503,18.589244588471377,Fail ,
15.157592197472677,15.445593418066442,13.32206666549804,15.157592197472677,5.493525161759553,5.493525161759553,5.493525161759553,9.3195585366503,9.3195585366503,9.3195585366503,21.723602892196958,Safe ,
15.157592197472677,15.445593418066442,13.32206666549804,15.157592197472677,5.493525161759553,5.493525161759553,5.493525161759553,9.3195585366503,9.3195585366503,9.3195585366503,16.335867516539157,Fail ,
15.157592197472677,15.445593418066442,13.32206666549804,15.157592197472677,5.493525161759553,5.493525161759553,5.493525161759553,9.3195585366503,9.3195585366503,9.3195585366503,20.444863654128703,Safe ,
15.157592197472677,15.445593418066442,13.32206666549804,15.157592197472677,5.493525161759553,5.493525161759553,5.493525161759553,9.3195585366503,9.3195585366503,9.3195585366503,19.010001462255975,Fail ,
15.157592197472677,15.445593418066442,13.32206666549804,15.157592197472677,5.493525161759553,5.493525161759553,5.493525161759553,9.3195585366503,9.3195585366503,9.3195585366503,23.169662869983817,Safe ,
15.157592197472677,15.445593418066442,13.32206666549804,15.157592197472677,5.493525161759553,5.493525161759553,5.493525161759553,9.3195585366503,9.3195585366503,9.3195585366503,18.90950223372072,Fail ,
15.157592197472677,15.445593418066442,13.32206666549804,15.157592197472677,5.493525161759553,5.493525161759553,5.493525161759553,9.3195585366503,9.3195585366503,9.3195585366503,19.998202591157565,Safe ,
15.157592197472677,15.445593418066442,13.32206666549804,15.157592197472677,5.493525161759553,5.493525161759553,5.493525161759553,9.3195585366503,9.3195585366503,9.3195585366503,18.87710028791133,Fail ,
15.157592197472677,15.445593418066442,13.32206666549804,15.157592197472677,5.493525161759553,5.493525161759553,5.493525161759553,9.3195585366503,9.3195585366503,9.3195585366503,17.098848733976343,Fail ,
15.157592197472677,15.445593418066442,13.32206666549804,15.157592197472677,5.493525161759553,5.493525161759553,5.493525161759553,9.3195585366503,9.3195585366503,9.3195585366503,20.66503278847608,Safe ,
15.157592197472677,15.445593418066442,13.32206666549804,15.157592197472677,5.493525161759553,5.493525161759553,5.493525161759553,9.3195585366503,9.3195585366503,9.3195585366503,19.150973741625098,Fail ,
15.157592197472677,15.445593418066442,13.32206666549804,15.157592197472677,5.493525161759553,5.493525161759553,5.493525161759553,9.3195585366503,9.3195585366503,9.3195585366503,23.89543224890615,Safe ,
15.157592197472677,15.445593418066442,13.32206666549804,15.157592197472677,5.493525161759553,5.493525161759553,5.493525161759553,9.3195585366503,9.3195585366503,9.3195585366503,19.916602260709485,Safe ,
15.157592197472677,15.445593418066442,13.32206666549804,15.157592197472677,5.493525161759553,5.493525161759553,5.493525161759553,9.3195585366503,9.3195585366503,9.3195585366503,18.096312443314705,Fail ,
15.157592197472677,15.445593418066442,13.32206666549804,15.157592197472677,5.493525161759553,5.493525161759553,5.493525161759553,9.3195585366503,9.3195585366503,9.3195585366503,21.24143692763443,Safe ,
15.157592197472677,15.445593418066442,13.32206666549804,15.157592197472677,5.493525161759553,5.493525161759553,5.493525161759553,9.3195585366503,9.3195585366503,9.3195585366503,17.604995361725287,Fail ,
15.157592197472677,15.445593418066442,13.32206666549804,15.157592197472677,5.493525161759553,5.493525161759553,5.493525161759553,9.3195585366503,9.3195585366503,9.3195585366503,20.431201392563217,Safe ,
15.157592197472677,15.445593418066442,13.32206666549804,15.157592197472677,5.493525161759553,5.493525161759553,5.493525161759553,9.3195585366503,9.3195585366503,9.3195585366503,19.390034813846285,Safe ,
15.157592197472677,15.445593418066442,13.32206666549804,15.157592197472677,5.493525161759553,5.493525161759553,5.493525161759553,9.3195585366503,9.3195585366503,9.3195585366503,21.535633551704006,Safe ,
15.157592197472677,15.445593418066442,13.32206666549804,15.157592197472677,5.493525161759553,5.493525161759553,5.493525161759553,9.3195585366503,9.3195585366503,9.3195585366503,24.6241589781651,Safe ,
15.157592197472677,15.445593418066442,13.32206666549804,15.157592197472677,5.493525161759553,5.493525161759553,5.493525161759553,9.3195585366503,9.3195585366503,9.3195585366503,20.53408526790214,Safe ,
15.157592197472677,15.445593418066442,13.32206666549804,15.157592197472677,5.493525161759553,5.493525161759553,5.493525161759553,9.3195585366503,9.3195585366503,9.3195585366503,19.235772695885707,Fail ,
15.157592197472677,15.445593418066442,13.32206666549804,15.157592197472677,5.493525161759553,5.493525161759553,5.493525161759553,9.3195585366503,9.3195585366503,9.3195585366503,20.85800702876428,Safe ,
15.157592197472677,15.445593418066442,13.32206666549804,15.157592197472677,5.493525161759553,5.493525161759553,5.493525161759553,9.3195585366503,9.3195585366503,9.3195585366503,20.008083238323678,Safe ,
15.157592197472677,15.445593418066442,13.32206666549804,15.157592197472677,5.493525161759553,5.493525161759553,5.493525161759553,9.3195585366503,9.3195585366503,9.3195585366503,19.146343502119162,Fail ,
15.157592197472677,15.445593418066442,13.32206666549804,15.157592197472677,5.493525161759553,5.493525161759553,5.493525161759553,9.3195585366503,9.3195585366503,9.3195585366503,25.460871739310296,Safe ,
15.157592197472677,15.445593418066442,13.32206666549804,15.157592197472677,5.493525161759553,5.493525161759553,5.493525161759553,9.3195585366503,9.3195585366503,9.3195585366503,23.21417155789998,Safe ,
15.157592197472677,15.445593418066442,13.32206666549804,15.157592197472677,5.493525161759553,5.493525161759553,5.493525161759553,9.3195585366503,9.3195585366503,9.3195585366503,21.39353951151813,Safe ,
15.157592197472677,15.445593418066442,13.32206666549804,15.157592197472677,5.493525161759553,5.493525161759553,5.493525161759553,9.3195585366503,9.3195585366503,9.3195585366503,19.745744006868726,Safe ,
15.157592197472677,15.445593418066442,13.32206666549804,15.157592197472677,5.493525161759553,5.493525161759553,5.493525161759553,9.3195585366503,9.3195585366503,9.3195585366503,20.249672041594344,Safe ,
15.157592197472677,15.445593418066442,13.32206666549804,15.157592197472677,5.493525161759553,5.493525161759553,5.493525161759553,9.3195585366503,9.3195585366503,9.3195585366503,20.75307571756805,Safe ,
15.157592197472677,15.445593418066442,13.32206666549804,15.157592197472677,5.493525161759553,5.493525161759553,5.493525161759553,9.3195585366503,9.3195585366503,9.3195585366503,23.3433269117953,Safe ,
15.157592197472677,15.445593418066442,13.32206666549804,15.157592197472677,5.493525161759553,5.493525161759553,5.493525161759553,9.3195585366503,9.3195585366503,9.3195585366503,19.267934765062382,Fail ,
15.157592197472677,15.445593418066442,13.32206666549804,15.157592197472677,5.493525161759553,5.493525161759553,5.493525161759553,9.3195585366503,9.3195585366503,9.3195585366503,20.497650603843685,Safe ,
15.157592197472677,15.445593418066442,13.32206666549804,15.157592197472677,5.493525161759553,5.493525161759553,5.493525161759553,9.3195585366503,9.3195585366503,9.3195585366503,21.30500670504666,Safe ,
15.157592197472677,15.445593418066442,13.32206666549804,15.157592197472677,5.493525161759553,5.493525161759553,5.493525161759553,9.3195585366503,9.3195585366503,9.3195585366503,23.33258987419638,Safe ,
15.157592197472677,15.445593418066442,13.32206666549804,15.157592197472677,5.493525161759553,5.493525161759553,5.493525161759553,9.3195585366503,9.3195585366503,9.3195585366503,19.287869075774854,Safe ,
15.157592197472677,15.445593418066442,13.32206666549804,15.157592197472677,5.493525161759553,5.493525161759553,5.493525161759553,9.3195585366503,9.3195585366503,9.3195585366503,20.321992141167634,Safe ,
15.157592197472677,15.445593418066442,13.32206666549804,15.157592197472677,5.493525161759553,5.493525161759553,5.493525161759553,9.3195585366503,9.3195585366503,9.3195585366503,22.6065982656567,Safe ,
15.157592197472677,15.445593418066442,13.32206666549804,15.157592197472677,5.493525161759553,5.493525161759553,5.493525161759553,9.3195585366503,9.3195585366503,9.3195585366503,20.319799884115238,Safe ,
15.157592197472677,15.445593418066442,13.32206666549804,15.157592197472677,5.493525161759553,5.493525161759553,5.493525161759553,9.3195585366503,9.3195585366503,9.3195585366503,19.499007145506006,Safe ,
15.157592197472677,15.445593418066442,13.32206666549804,15.157592197472677,5.493525161759553,5.493525161759553,5.493525161759553,9.3195585366503,9.3195585366503,9.3195585366503,23.84497180127855,Safe ,
15.157592197472677,15.445593418066442,13.32206666549804,15.157592197472677,5.493525161759553,5.493525161759553,5.493525161759553,9.3195585366503,9.3195585366503,9.3195585366503,23.470117009645527,Safe ,
15.157592197472677,15.445593418066442,13.32206666549804,15.157592197472677,5.493525161759553,5.493525161759553,5.493525161759553,9.3195585366503,9.3195585366503,9.3195585366503,19.399965826246127,Safe ,
15.157592197472677,15.445593418066442,13.32206666549804,15.157592197472677,5.493525161759553,5.493525161759553,5.493525161759553,9.3195585366503,9.3195585366503,9.3195585366503,19.23521753627681,Fail ,
15.157592197472677,15.445593418066442,13.32206666549804,15.157592197472677,5.493525161759553,5.493525161759553,5.493525161759553,9.3195585366503,9.3195585366503,9.3195585366503,21.96499199547991,Safe ,
15.157592197472677,15.445593418066442,13.32206666549804,15.157592197472677,5.493525161759553,5.493525161759553,5.493525161759553,9.3195585366503,9.3195585366503,9.3195585366503,19.992285335436666,Safe ,
15.157592197472677,15.445593418066442,13.32206666549804,15.157592197472677,5.493525161759553,5.493525161759553,5.493525161759553,9.3195585366503,9.3195585366503,9.3195585366503,18.766168680866095,Fail ,
15.157592197472677,15.445593418066442,13.32206666549804,15.157592197472677,5.493525161759553,5.493525161759553,5.493525161759553,9.3195585366503,9.3195585366503,9.3195585366503,18.826584571647736,Fail ,
15.157592197472677,15.445593418066442,13.32206666549804,15.157592197472677,5.493525161759553,5.493525161759553,5.493525161759553,9.3195585366503,9.3195585366503,9.3195585366503,21.587244806404094,Safe ,
15.157592197472677,15.445593418066442,13.32206666549804,15.157592197472677,5.493525161759553,5.493525161759553,5.493525161759553,9.3195585366503,9.3195585366503,9.3195585366503,19.898518994625185,Safe ,
15.157592197472677,15.445593418066442,13.32206666549804,15.157592197472677,5.493525161759553,5.493525161759553,5.493525161759553,9.3195585366503,9.3195585366503,9.3195585366503,19.99179892687767,Safe ,
15.157592197472677,15.445593418066442,13.32206666549804,15.157592197472677,5.493525161759553,5.493525161759553,5.493525161759553,9.3195585366503,9.3195585366503,9.3195585366503,19.58610007170555,Safe ,
15.157592197472677,15.445593418066442,13.32206666549804,15.157592197472677,5.493525161759553,5.493525161759553,5.493525161759553,9.3195585366503,9.3195585366503,9.3195585366503,18.972285917239798,Fail ,
15.157592197472677,15.445593418066442,13.32206666549804,15.157592197472677,5.493525161759553,5.493525161759553,5.493525161759553,9.3195585366503,9.3195585366503,9.3195585366503,16.149761473021083,Fail ,
15.157592197472677,15.445593418066442,13.32206666549804,15.157592197472677,5.493525161759553,5.493525161759553,5.493525161759553,9.3195585366503,9.3195585366503,9.3195585366503,16.941086945998734,Fail ,
15.157592197472677,15.445593418066442,13.32206666549804,15.157592197472677,5.493525161759553,5.493525161759553,5.493525161759553,9.3195585366503,9.3195585366503,9.3195585366503,19.97835774092538,Safe ,
15.157592197472677,15.445593418066442,13.32206666549804,15.157592197472677,5.493525161759553,5.493525161759553,5.493525161759553,9.3195585366503,9.3195585366503,9.3195585366503,22.95465700118353,Safe ,
15.157592197472677,15.445593418066442,13.32206666549804,15.157592197472677,5.493525161759553,5.493525161759553,5.493525161759553,9.3195585366503,9.3195585366503,9.3195585366503,21.860064462129323,Safe ,
15.157592197472677,15.445593418066442,13.32206666549804,15.157592197472677,5.493525161759553,5.493525161759553,5.493525161759553,9.3195585366503,9.3195585366503,9.3195585366503,20.572705931989866,Safe ,
15.157592197472677,15.445593418066442,13.32206666549804,15.157592197472677,5.493525161759553,5.493525161759553,5.493525161759553,9.3195585366503,9.3195585366503,9.3195585366503,15.420394719406241,Fail ,
15.157592197472677,15.445593418066442,13.32206666549804,15.157592197472677,5.493525161759553,5.493525161759553,5.493525161759553,9.3195585366503,9.3195585366503,9.3195585366503,19.798934531305925,Safe ,
15.157592197472677,15.445593418066442,13.32206666549804,15.157592197472677,5.493525161759553,5.493525161759553,5.493525161759553,9.3195585366503,9.3195585366503,9.3195585366503,20.120805668471434,Safe ,
15.157592197472677,15.445593418066442,13.32206666549804,15.157592197472677,5.493525161759553,5.493525161759553,5.493525161759553,9.3195585366503,9.3195585366503,9.3195585366503,21.89453310261434,Safe ,
15.157592197472677,15.445593418066442,13.32206666549804,15.157592197472677,5.493525161759553,5.493525161759553,5.493525161759553,9.3195585366503,9.3195585366503,9.3195585366503,18.59050848458067,Fail ,
15.157592197472677,15.445593418066442,13.32206666549804,15.157592197472677,5.493525161759553,5.493525161759553,5.493525161759553,9.3195585366503,9.3195585366503,9.3195585366503,18.357600345598648,Fail ,
15.157592197472677,15.445593418066442,13.32206666549804,15.157592197472677,5.493525161759553,5.493525161759553,5.493525161759553,9.3195585366503,9.3195585366503,9.3195585366503,18.205991725171607,Fail ,
15.157592197472677,15.445593418066442,13.32206666549804,15.157592197472677,5.493525161759553,5.493525161759553,5.493525161759553,9.3195585366503,9.3195585366503,9.3195585366503,19.644951599340477,Safe ,
15.157592197472677,15.445593418066442,13.32206666549804,15.157592197472677,5.493525161759553,5.493525161759553,5.493525161759553,9.3195585366503,9.3195585366503,9.3195585366503,22.12394578028907,Safe ,
15.157592197472677,15.445593418066442,13.32206666549804,15.157592197472677,5.493525161759553,5.493525161759553,5.493525161759553,9.3195585366503,9.3195585366503,9.3195585366503,21.13768395285939,Safe ,
15.157592197472677,15.445593418066442,13.32206666549804,15.157592197472677,5.493525161759553,5.493525161759553,5.493525161759553,9.3195585366503,9.3195585366503,9.3195585366503,20.555380379401182,Safe ,
15.157592197472677,15.445593418066442,13.32206666549804,15.157592197472677,5.493525161759553,5.493525161759553,5.493525161759553,9.3195585366503,9.3195585366503,9.3195585366503,20.665414594209352,Safe ,
15.157592197472677,15.445593418066442,13.32206666549804,15.157592197472677,5.493525161759553,5.493525161759553,5.493525161759553,9.3195585366503,9.3195585366503,9.3195585366503,19.8679848858325,Safe ,
15.157592197472677,15.445593418066442,13.32206666549804,15.157592197472677,5.493525161759553,5.493525161759553,5.493525161759553,9.3195585366503,9.3195585366503,9.3195585366503,20.226247004253562,Safe ,
15.157592197472677,15.445593418066442,13.32206666549804,15.157592197472677,5.493525161759553,5.493525161759553,5.493525161759553,9.3195585366503,9.3195585366503,9.3195585366503,22.120415412100584,Safe ,
15.157592197472677,15.445593418066442,13.32206666549804,15.157592197472677,5.493525161759553,5.493525161759553,5.493525161759553,9.3195585366503,9.3195585366503,9.3195585366503,18.951905252676706,Fail ,
15.157592197472677,15.445593418066442,13.32206666549804,15.157592197472677,5.493525161759553,5.493525161759553,5.493525161759553,9.3195585366503,9.3195585366503,9.3195585366503,22.36985104719541,Safe ,
15.157592197472677,15.445593418066442,13.32206666549804,15.157592197472677,5.493525161759553,5.493525161759553,5.493525161759553,9.3195585366503,9.3195585366503,9.3195585366503,18.634219308122834,Fail ,
15.157592197472677,15.445593418066442,13.32206666549804,15.157592197472677,5.493525161759553,5.493525161759553,5.493525161759553,9.3195585366503,9.3195585366503,9.3195585366503,20.279487934078976,Safe ,
15.157592197472677,15.445593418066442,13.32206666549804,15.157592197472677,5.493525161759553,5.493525161759553,5.493525161759553,9.3195585366503,9.3195585366503,9.3195585366503,22.339668300353566,Safe ,
15.157592197472677,15.445593418066442,13.32206666549804,15.157592197472677,5.493525161759553,5.493525161759553,5.493525161759553,9.3195585366503,9.3195585366503,9.3195585366503,16.765006903349114,Fail ,
15.157592197472677,15.445593418066442,13.32206666549804,15.157592197472677,5.493525161759553,5.493525161759553,5.493525161759553,9.3195585366503,9.3195585366503,9.3195585366503,20.76243404259685,Safe ,
15.157592197472677,15.445593418066442,13.32206666549804,15.157592197472677,5.493525161759553,5.493525161759553,5.493525161759553,9.3195585366503,9.3195585366503,9.3195585366503,23.547416436765182,Safe ,
15.157592197472677,15.445593418066442,13.32206666549804,15.157592197472677,5.493525161759553,5.493525161759553,5.493525161759553,9.3195585366503,9.3195585366503,9.3195585366503,23.81058027111902,Safe ,
15.157592197472677,15.445593418066442,13.32206666549804,15.157592197472677,5.493525161759553,5.493525161759553,5.493525161759553,9.3195585366503,9.3195585366503,9.3195585366503,20.4465702052198,Safe ,
15.157592197472677,15.445593418066442,13.32206666549804,15.157592197472677,5.493525161759553,5.493525161759553,5.493525161759553,9.3195585366503,9.3195585366503,9.3195585366503,22.796185216189407,Safe ,
15.157592197472677,15.445593418066442,13.32206666549804,15.157592197472677,5.493525161759553,5.493525161759553,5.493525161759553,9.3195585366503,9.3195585366503,9.3195585366503,19.246921697256877,Fail ,
15.157592197472677,15.445593418066442,13.32206666549804,15.157592197472677,5.493525161759553,5.493525161759553,5.493525161759553,9.3195585366503,9.3195585366503,9.3195585366503,18.68439048514588,Fail ,
15.157592197472677,15.445593418066442,13.32206666549804,15.157592197472677,5.493525161759553,5.493525161759553,5.493525161759553,9.3195585366503,9.3195585366503,9.3195585366503,17.492566705021307,Fail ,
15.157592197472677,15.445593418066442,13.32206666549804,15.157592197472677,5.493525161759553,5.493525161759553,5.493525161759553,9.3195585366503,9.3195585366503,9.3195585366503,18.03419612536445,Fail ,
15.157592197472677,15.445593418066442,13.32206666549804,15.157592197472677,5.493525161759553,5.493525161759553,5.493525161759553,9.3195585366503,9.3195585366503,9.3195585366503,21.758899871321265,Safe ,
15.157592197472677,15.445593418066442,13.32206666549804,15.157592197472677,5.493525161759553,5.493525161759553,5.493525161759553,9.3195585366503,9.3195585366503,9.3195585366503,20.577903526588315,Safe ,
15.157592197472677,15.445593418066442,13.32206666549804,15.157592197472677,5.493525161759553,5.493525161759553,5.493525161759553,9.3195585366503,9.3195585366503,9.3195585366503,20.321920386336984,Safe ,
15.157592197472677,15.445593418066442,13.32206666549804,15.157592197472677,5.493525161759553,5.493525161759553,5.493525161759553,9.3195585366503,9.3195585366503,9.3195585366503,20.606669635565336,Safe ,
15.157592197472677,15.445593418066442,13.32206666549804,15.157592197472677,5.493525161759553,5.493525161759553,5.493525161759553,9.3195585366503,9.3195585366503,9.3195585366503,21.191716184256652,Safe ,
15.157592197472677,15.445593418066442,13.32206666549804,15.157592197472677,5.493525161759553,5.493525161759553,5.493525161759553,9.3195585366503,9.3195585366503,9.3195585366503,19.657694887721856,Safe ,
15.157592197472677,15.445593418066442,13.32206666549804,15.157592197472677,5.493525161759553,5.493525161759553,5.493525161759553,9.3195585366503,9.3195585366503,9.3195585366503,18.496874964840778,Fail ,
15.157592197472677,15.445593418066442,13.32206666549804,15.157592197472677,5.493525161759553,5.493525161759553,5.493525161759553,9.3195585366503,9.3195585366503,9.3195585366503,20.348964966936748,Safe ,
15.157592197472677,15.445593418066442,13.32206666549804,15.157592197472677,5.493525161759553,5.493525161759553,5.493525161759553,9.3195585366503,9.3195585366503,9.3195585366503,21.59758170529856,Safe ,
15.157592197472677,15.445593418066442,13.32206666549804,15.157592197472677,5.493525161759553,5.493525161759553,5.493525161759553,9.3195585366503,9.3195585366503,9.3195585366503,20.63701592972304,Safe ,
15.157592197472677,15.445593418066442,13.32206666549804,15.157592197472677,5.493525161759553,5.493525161759553,5.493525161759553,9.3195585366503,9.3195585366503,9.3195585366503,22.56122221852913,Safe ,
15.157592197472677,15.445593418066442,13.32206666549804,15.157592197472677,5.493525161759553,5.493525161759553,5.493525161759553,9.3195585366503,9.3195585366503,9.3195585366503,21.29008058102189,Safe ,
15.157592197472677,15.445593418066442,13.32206666549804,15.157592197472677,5.493525161759553,5.493525161759553,5.493525161759553,9.3195585366503,9.3195585366503,9.3195585366503,17.52266205929536,Fail ,
15.157592197472677,15.445593418066442,13.32206666549804,15.157592197472677,5.493525161759553,5.493525161759553,5.493525161759553,9.3195585366503,9.3195585366503,9.3195585366503,20.07634754375561,Safe ,
15.157592197472677,15.445593418066442,13.32206666549804,15.157592197472677,5.493525161759553,5.493525161759553,5.493525161759553,9.3195585366503,9.3195585366503,9.3195585366503,19.432855376263007,Safe ,
15.157592197472677,15.445593418066442,13.32206666549804,15.157592197472677,5.493525161759553,5.493525161759553,5.493525161759553,9.3195585366503,9.3195585366503,9.3195585366503,21.424331354913576,Safe ,
15.157592197472677,15.445593418066442,13.32206666549804,15.157592197472677,5.493525161759553,5.493525161759553,5.493525161759553,9.3195585366503,9.3195585366503,9.3195585366503,18.983367033223622,Fail ,
15.157592197472677,15.445593418066442,13.32206666549804,15.157592197472677,5.493525161759553,5.493525161759553,5.493525161759553,9.3195585366503,9.3195585366503,9.3195585366503,22.662189953354815,Safe ,
15.157592197472677,15.445593418066442,13.32206666549804,15.157592197472677,5.493525161759553,5.493525161759553,5.493525161759553,9.3195585366503,9.3195585366503,9.3195585366503,20.500272728296128,Safe ,
15.157592197472677,15.445593418066442,13.32206666549804,15.157592197472677,5.493525161759553,5.493525161759553,5.493525161759553,9.3195585366503,9.3195585366503,9.3195585366503,20.353387565578362,Safe ,
15.157592197472677,15.445593418066442,13.32206666549804,15.157592197472677,5.493525161759553,5.493525161759553,5.493525161759553,9.3195585366503,9.3195585366503,9.3195585366503,21.570877193108203,Safe ,
15.157592197472677,15.445593418066442,13.32206666549804,15.157592197472677,5.493525161759553,5.493525161759553,5.493525161759553,9.3195585366503,9.3195585366503,9.3195585366503,21.13956098102674,Safe ,
15.157592197472677,15.445593418066442,13.32206666549804,15.157592197472677,5.493525161759553,5.493525161759553,5.493525161759553,9.3195585366503,9.3195585366503,9.3195585366503,18.35635907410804,Fail ,
15.157592197472677,15.445593418066442,13.32206666549804,15.157592197472677,5.493525161759553,5.493525161759553,5.493525161759553,9.3195585366503,9.3195585366503,9.3195585366503,20.71699031561784,Safe ,
15.157592197472677,15.445593418066442,13.32206666549804,15.157592197472677,5.493525161759553,5.493525161759553,5.493525161759553,9.3195585366503,9.3195585366503,9.3195585366503,19.724095635143648,Safe ,
15.157592197472677,15.445593418066442,13.32206666549804,15.157592197472677,5.493525161759553,5.493525161759553,5.493525161759553,9.3195585366503,9.3195585366503,9.3195585366503,18.313033571956495,Fail ,
15.157592197472677,15.445593418066442,13.32206666549804,15.157592197472677,5.493525161759553,5.493525161759553,5.493525161759553,9.3195585366503,9.3195585366503,9.3195585366503,20.353167661504916,Safe ,
15.157592197472677,15.445593418066442,13.32206666549804,15.157592197472677,5.493525161759553,5.493525161759553,5.493525161759553,9.3195585366503,9.3195585366503,9.3195585366503,20.99300910455094,Safe ,
15.157592197472677,15.445593418066442,13.32206666549804,15.157592197472677,5.493525161759553,5.493525161759553,5.493525161759553,9.3195585366503,9.3195585366503,9.3195585366503,18.47020415946098,Fail ,
15.157592197472677,15.445593418066442,13.32206666549804,15.157592197472677,5.493525161759553,5.493525161759553,5.493525161759553,9.3195585366503,9.3195585366503,9.3195585366503,18.270166924520627,Fail ,
15.157592197472677,15.445593418066442,13.32206666549804,15.157592197472677,5.493525161759553,5.493525161759553,5.493525161759553,9.3195585366503,9.3195585366503,9.3195585366503,19.18358342136315,Fail ,
15.157592197472677,15.445593418066442,13.32206666549804,15.157592197472677,5.493525161759553,5.493525161759553,5.493525161759553,9.3195585366503,9.3195585366503,9.3195585366503,20.56073341835625,Safe ,
15.157592197472677,15.445593418066442,13.32206666549804,15.157592197472677,5.493525161759553,5.493525161759553,5.493525161759553,9.3195585366503,9.3195585366503,9.3195585366503,22.375792401609516,Safe ,
15.157592197472677,15.445593418066442,13.32206666549804,15.157592197472677,5.493525161759553,5.493525161759553,5.493525161759553,9.3195585366503,9.3195585366503,9.3195585366503,22.03576678112085,Safe ,
15.157592197472677,15.445593418066442,13.32206666549804,15.157592197472677,5.493525161759553,5.493525161759553,5.493525161759553,9.3195585366503,9.3195585366503,9.3195585366503,22.01269456559649,Safe ,
15.157592197472677,15.445593418066442,13.32206666549804,15.157592197472677,5.493525161759553,5.493525161759553,5.493525161759553,9.3195585366503,9.3195585366503,9.3195585366503,19.982659494080746,Safe ,
15.157592197472677,15.445593418066442,13.32206666549804,15.157592197472677,5.493525161759553,5.493525161759553,5.493525161759553,9.3195585366503,9.3195585366503,9.3195585366503,21.875029403525225,Safe ,
15.157592197472677,15.445593418066442,13.32206666549804,15.157592197472677,5.493525161759553,5.493525161759553,5.493525161759553,9.3195585366503,9.3195585366503,9.3195585366503,22.182456965416854,Safe ,
15.157592197472677,15.445593418066442,13.32206666549804,15.157592197472677,5.493525161759553,5.493525161759553,5.493525161759553,9.3195585366503,9.3195585366503,9.3195585366503,19.284348658832062,Safe ,
15.157592197472677,15.445593418066442,13.32206666549804,15.157592197472677,5.493525161759553,5.493525161759553,5.493525161759553,9.3195585366503,9.3195585366503,9.3195585366503,18.74801973342897,Fail ,
15.157592197472677,15.445593418066442,13.32206666549804,15.157592197472677,5.493525161759553,5.493525161759553,5.493525161759553,9.3195585366503,9.3195585366503,9.3195585366503,23.046916044074752,Safe ,
15.157592197472677,15.445593418066442,13.32206666549804,15.157592197472677,5.493525161759553,5.493525161759553,5.493525161759553,9.3195585366503,9.3195585366503,9.3195585366503,17.58340902354945,Fail ,
15.157592197472677,15.445593418066442,13.32206666549804,15.157592197472677,5.493525161759553,5.493525161759553,5.493525161759553,9.3195585366503,9.3195585366503,9.3195585366503,19.16914842009021,Fail ,
15.157592197472677,15.445593418066442,13.32206666549804,15.157592197472677,5.493525161759553,5.493525161759553,5.493525161759553,9.3195585366503,9.3195585366503,9.3195585366503,19.91546432007953,Safe ,
15.157592197472677,15.445593418066442,13.32206666549804,15.157592197472677,5.493525161759553,5.493525161759553,5.493525161759553,9.3195585366503,9.3195585366503,9.3195585366503,19.858335620380977,Safe ,
15.157592197472677,15.445593418066442,13.32206666549804,15.157592197472677,5.493525161759553,5.493525161759553,5.493525161759553,9.3195585366503,9.3195585366503,9.3195585366503,23.8715493256841,Safe ,
15.157592197472677,15.445593418066442,13.32206666549804,15.157592197472677,5.493525161759553,5.493525161759553,5.493525161759553,9.3195585366503,9.3195585366503,9.3195585366503,17.654882170731014,Fail ,
15.157592197472677,15.445593418066442,13.32206666549804,15.157592197472677,5.493525161759553,5.493525161759553,5.493525161759553,9.3195585366503,9.3195585366503,9.3195585366503,19.854768905550262,Safe ,
15.157592197472677,15.445593418066442,13.32206666549804,15.157592197472677,5.493525161759553,5.493525161759553,5.493525161759553,9.3195585366503,9.3195585366503,9.3195585366503,18.554593704254714,Fail ,
15.157592197472677,15.445593418066442,13.32206666549804,15.157592197472677,5.493525161759553,5.493525161759553,5.493525161759553,9.3195585366503,9.3195585366503,9.3195585366503,22.428331589543888,Safe ,
15.157592197472677,15.445593418066442,13.32206666549804,15.157592197472677,5.493525161759553,5.493525161759553,5.493525161759553,9.3195585366503,9.3195585366503,9.3195585366503,20.462081365184563,Safe ,
15.157592197472677,15.445593418066442,13.32206666549804,15.157592197472677,5.493525161759553,5.493525161759553,5.493525161759553,9.3195585366503,9.3195585366503,9.3195585366503,18.460476273189624,Fail ,
15.157592197472677,15.445593418066442,13.32206666549804,15.157592197472677,5.493525161759553,5.493525161759553,5.493525161759553,9.3195585366503,9.3195585366503,9.3195585366503,21.667261523617587,Safe ,
15.157592197472677,15.445593418066442,13.32206666549804,15.157592197472677,5.493525161759553,5.493525161759553,5.493525161759553,9.3195585366503,9.3195585366503,9.3195585366503,20.724622161956322,Safe ,
15.157592197472677,15.445593418066442,13.32206666549804,15.157592197472677,5.493525161759553,5.493525161759553,5.493525161759553,9.3195585366503,9.3195585366503,9.3195585366503,24.14632116630726,Safe ,
15.157592197472677,15.445593418066442,13.32206666549804,15.157592197472677,5.493525161759553,5.493525161759553,5.493525161759553,9.3195585366503,9.3195585366503,9.3195585366503,22.333871892300238,Safe ,
15.157592197472677,15.445593418066442,13.32206666549804,15.157592197472677,5.493525161759553,5.493525161759553,5.493525161759553,9.3195585366503,9.3195585366503,9.3195585366503,19.94818926247809,Safe ,
15.157592197472677,15.445593418066442,13.32206666549804,15.157592197472677,5.493525161759553,5.493525161759553,5.493525161759553,9.3195585366503,9.3195585366503,9.3195585366503,18.940872753493952,Fail ,
15.157592197472677,15.445593418066442,13.32206666549804,15.157592197472677,5.493525161759553,5.493525161759553,5.493525161759553,9.3195585366503,9.3195585366503,9.3195585366503,21.01267651274959,Safe ,
15.157592197472677,15.445593418066442,13.32206666549804,15.157592197472677,5.493525161759553,5.493525161759553,5.493525161759553,9.3195585366503,9.3195585366503,9.3195585366503,22.645899657275947,Safe ,
15.157592197472677,15.445593418066442,13.32206666549804,15.157592197472677,5.493525161759553,5.493525161759553,5.493525161759553,9.3195585366503,9.3195585366503,9.3195585366503,21.142565430025936,Safe ,
