W14X22, L = 360.0 in, slope = 0.020833333333333332 in/in, dead load = 6.944444444444444e-05 kip/in^2
zwlim AISC Appendix 2,zwlim DAMP,zwlim Proposed for ASCE 7,zwlim Neglect Ponding,dhnom Denver,dhnom New York,dhnom New Orleans,dh Denver,dh New York,dh New Orleans,dmax
15.157592197472677,15.445593418066442,13.32206666549804,15.157592197472677,4.507398233024419,4.507398233024419,4.507398233024419,16.609736230512137,16.609736230512137,16.609736230512137,22.043426613218138,Fail ,
15.157592197472677,15.445593418066442,13.32206666549804,15.157592197472677,4.507398233024419,4.507398233024419,4.507398233024419,16.609736230512137,16.609736230512137,16.609736230512137,19.257248301584177,Fail ,
15.157592197472677,15.445593418066442,13.32206666549804,15.157592197472677,4.507398233024419,4.507398233024419,4.507398233024419,16.609736230512137,16.609736230512137,16.609736230512137,18.528287163011942,Fail ,
15.157592197472677,15.445593418066442,13.32206666549804,15.157592197472677,4.507398233024419,4.507398233024419,4.507398233024419,16.609736230512137,16.609736230512137,16.609736230512137,21.76233398003039,Fail ,
15.157592197472677,15.445593418066442,13.32206666549804,15.157592197472677,4.507398233024419,4.507398233024419,4.507398233024419,16.609736230512137,16.609736230512137,16.609736230512137,18.271645216398262,Fail ,
15.157592197472677,15.445593418066442,13.32206666549804,15.157592197472677,4.507398233024419,4.507398233024419,4.507398233024419,16.609736230512137,16.609736230512137,16.609736230512137,26.922515986562267,Fail ,
15.157592197472677,15.445593418066442,13.32206666549804,15.157592197472677,4.507398233024419,4.507398233024419,4.507398233024419,16.609736230512137,16.609736230512137,16.609736230512137,20.337926705025243,Fail ,
15.157592197472677,15.445593418066442,13.32206666549804,15.157592197472677,4.507398233024419,4.507398233024419,4.507398233024419,16.609736230512137,16.609736230512137,16.609736230512137,18.4434326358517,Fail ,
15.157592197472677,15.445593418066442,13.32206666549804,15.157592197472677,4.507398233024419,4.507398233024419,4.507398233024419,16.609736230512137,16.609736230512137,16.609736230512137,21.261869907790384,Fail ,
15.157592197472677,15.445593418066442,13.32206666549804,15.157592197472677,4.507398233024419,4.507398233024419,4.507398233024419,16.609736230512137,16.609736230512137,16.609736230512137,19.98082510449789,Fail ,
15.157592197472677,15.445593418066442,13.32206666549804,15.157592197472677,4.507398233024419,4.507398233024419,4.507398233024419,16.609736230512137,16.609736230512137,16.609736230512137,17.623696965163962,Fail ,
15.157592197472677,15.445593418066442,13.32206666549804,15.157592197472677,4.507398233024419,4.507398233024419,4.507398233024419,16.609736230512137,16.609736230512137,16.609736230512137,17.018015933686232,Fail ,
15.157592197472677,15.445593418066442,13.32206666549804,15.157592197472677,4.507398233024419,4.507398233024419,4.507398233024419,16.609736230512137,16.609736230512137,16.609736230512137,21.4554449752709,Fail ,
15.157592197472677,15.445593418066442,13.32206666549804,15.157592197472677,4.507398233024419,4.507398233024419,4.507398233024419,16.609736230512137,16.609736230512137,16.609736230512137,18.859182611661748,Fail ,
15.157592197472677,15.445593418066442,13.32206666549804,15.157592197472677,4.507398233024419,4.507398233024419,4.507398233024419,16.609736230512137,16.609736230512137,16.609736230512137,21.853226384916525,Fail ,
15.157592197472677,15.445593418066442,13.32206666549804,15.157592197472677,4.507398233024419,4.507398233024419,4.507398233024419,16.609736230512137,16.609736230512137,16.609736230512137,19.851622552807974,Fail ,
15.157592197472677,15.445593418066442,13.32206666549804,15.157592197472677,4.507398233024419,4.507398233024419,4.507398233024419,16.609736230512137,16.609736230512137,16.609736230512137,20.513278977405207,Fail ,
15.157592197472677,15.445593418066442,13.32206666549804,15.157592197472677,4.507398233024419,4.507398233024419,4.507398233024419,16.609736230512137,16.609736230512137,16.609736230512137,22.4449804877837,Fail ,
15.157592197472677,15.445593418066442,13.32206666549804,15.157592197472677,4.507398233024419,4.507398233024419,4.507398233024419,16.609736230512137,16.609736230512137,16.609736230512137,18.382162926117473,Fail ,
15.157592197472677,15.445593418066442,13.32206666549804,15.157592197472677,4.507398233024419,4.507398233024419,4.507398233024419,16.609736230512137,16.609736230512137,16.609736230512137,19.32601488294944,Fail ,
15.157592197472677,15.445593418066442,13.32206666549804,15.157592197472677,4.507398233024419,4.507398233024419,4.507398233024419,16.609736230512137,16.609736230512137,16.609736230512137,18.298092990973,Fail ,
15.157592197472677,15.445593418066442,13.32206666549804,15.157592197472677,4.507398233024419,4.507398233024419,4.507398233024419,16.609736230512137,16.609736230512137,16.609736230512137,21.686893288895046,Fail ,
15.157592197472677,15.445593418066442,13.32206666549804,15.157592197472677,4.507398233024419,4.507398233024419,4.507398233024419,16.609736230512137,16.609736230512137,16.609736230512137,22.566548238788982,Fail ,
15.157592197472677,15.445593418066442,13.32206666549804,15.157592197472677,4.507398233024419,4.507398233024419,4.507398233024419,16.609736230512137,16.609736230512137,16.609736230512137,20.0896495994699,Fail ,
15.157592197472677,15.445593418066442,13.32206666549804,15.157592197472677,4.507398233024419,4.507398233024419,4.507398233024419,16.609736230512137,16.609736230512137,16.609736230512137,19.20799924803189,Fail ,
15.157592197472677,15.445593418066442,13.32206666549804,15.157592197472677,4.507398233024419,4.507398233024419,4.507398233024419,16.609736230512137,16.609736230512137,16.609736230512137,16.943030336170857,Fail ,
15.157592197472677,15.445593418066442,13.32206666549804,15.157592197472677,4.507398233024419,4.507398233024419,4.507398233024419,16.609736230512137,16.609736230512137,16.609736230512137,21.157144918282267,Fail ,
15.157592197472677,15.445593418066442,13.32206666549804,15.157592197472677,4.507398233024419,4.507398233024419,4.507398233024419,16.609736230512137,16.609736230512137,16.609736230512137,20.846508951070053,Fail ,
15.157592197472677,15.445593418066442,13.32206666549804,15.157592197472677,4.507398233024419,4.507398233024419,4.507398233024419,16.609736230512137,16.609736230512137,16.609736230512137,18.4672180628056,Fail ,
15.157592197472677,15.445593418066442,13.32206666549804,15.157592197472677,4.507398233024419,4.507398233024419,4.507398233024419,16.609736230512137,16.609736230512137,16.609736230512137,23.28899438476965,Fail ,
15.157592197472677,15.445593418066442,13.32206666549804,15.157592197472677,4.507398233024419,4.507398233024419,4.507398233024419,16.609736230512137,16.609736230512137,16.609736230512137,20.461743007559825,Fail ,
15.157592197472677,15.445593418066442,13.32206666549804,15.157592197472677,4.507398233024419,4.507398233024419,4.507398233024419,16.609736230512137,16.609736230512137,16.609736230512137,21.190098883983698,Fail ,
15.157592197472677,15.445593418066442,13.32206666549804,15.157592197472677,4.507398233024419,4.507398233024419,4.507398233024419,16.609736230512137,16.609736230512137,16.609736230512137,19.021484736119476,Fail ,
15.157592197472677,15.445593418066442,13.32206666549804,15.157592197472677,4.507398233024419,4.507398233024419,4.507398233024419,16.609736230512137,16.609736230512137,16.609736230512137,22.608126444018275,Fail ,
15.157592197472677,15.445593418066442,13.32206666549804,15.157592197472677,4.507398233024419,4.507398233024419,4.507398233024419,16.609736230512137,16.609736230512137,16.609736230512137,21.505656295418113,Fail ,
15.157592197472677,15.445593418066442,13.32206666549804,15.157592197472677,4.507398233024419,4.507398233024419,4.507398233024419,16.609736230512137,16.609736230512137,16.609736230512137,18.398838705024374,Fail ,
15.157592197472677,15.445593418066442,13.32206666549804,15.157592197472677,4.507398233024419,4.507398233024419,4.507398233024419,16.609736230512137,16.609736230512137,16.609736230512137,20.815604456316397,Fail ,
15.157592197472677,15.445593418066442,13.32206666549804,15.157592197472677,4.507398233024419,4.507398233024419,4.507398233024419,16.609736230512137,16.609736230512137,16.609736230512137,21.163499016098523,Fail ,
15.157592197472677,15.445593418066442,13.32206666549804,15.157592197472677,4.507398233024419,4.507398233024419,4.507398233024419,16.609736230512137,16.609736230512137,16.609736230512137,22.05177510533576,Fail ,
15.157592197472677,15.445593418066442,13.32206666549804,15.157592197472677,4.507398233024419,4.507398233024419,4.507398233024419,16.609736230512137,16.609736230512137,16.609736230512137,17.820003627498807,Fail ,
15.157592197472677,15.445593418066442,13.32206666549804,15.157592197472677,4.507398233024419,4.507398233024419,4.507398233024419,16.609736230512137,16.609736230512137,16.609736230512137,22.52017273256412,Fail ,
15.157592197472677,15.445593418066442,13.32206666549804,15.157592197472677,4.507398233024419,4.507398233024419,4.507398233024419,16.609736230512137,16.609736230512137,16.609736230512137,19.03814323245037,Fail ,
15.157592197472677,15.445593418066442,13.32206666549804,15.157592197472677,4.507398233024419,4.507398233024419,4.507398233024419,16.609736230512137,16.609736230512137,16.609736230512137,19.988197637344303,Fail ,
15.157592197472677,15.445593418066442,13.32206666549804,15.157592197472677,4.507398233024419,4.507398233024419,4.507398233024419,16.609736230512137,16.609736230512137,16.609736230512137,19.507304112199957,Fail ,
15.157592197472677,15.445593418066442,13.32206666549804,15.157592197472677,4.507398233024419,4.507398233024419,4.507398233024419,16.609736230512137,16.609736230512137,16.609736230512137,22.261497671365657,Fail ,
15.157592197472677,15.445593418066442,13.32206666549804,15.157592197472677,4.507398233024419,4.507398233024419,4.507398233024419,16.609736230512137,16.609736230512137,16.609736230512137,17.414363493704823,Fail ,
15.157592197472677,15.445593418066442,13.32206666549804,15.157592197472677,4.507398233024419,4.507398233024419,4.507398233024419,16.609736230512137,16.609736230512137,16.609736230512137,20.328370657081567,Fail ,
15.157592197472677,15.445593418066442,13.32206666549804,15.157592197472677,4.507398233024419,4.507398233024419,4.507398233024419,16.609736230512137,16.609736230512137,16.609736230512137,19.021068512758532,Fail ,
15.157592197472677,15.445593418066442,13.32206666549804,15.157592197472677,4.507398233024419,4.507398233024419,4.507398233024419,16.609736230512137,16.609736230512137,16.609736230512137,20.383909521958962,Fail ,
15.157592197472677,15.445593418066442,13.32206666549804,15.157592197472677,4.507398233024419,4.507398233024419,4.507398233024419,16.609736230512137,16.609736230512137,16.609736230512137,18.584316099368287,Fail ,
15.157592197472677,15.445593418066442,13.32206666549804,15.157592197472677,4.507398233024419,4.507398233024419,4.507398233024419,16.609736230512137,16.609736230512137,16.609736230512137,21.71971903976629,Fail ,
15.157592197472677,15.445593418066442,13.32206666549804,15.157592197472677,4.507398233024419,4.507398233024419,4.507398233024419,16.609736230512137,16.609736230512137,16.609736230512137,16.330004999146393,Fail ,
15.157592197472677,15.445593418066442,13.32206666549804,15.157592197472677,4.507398233024419,4.507398233024419,4.507398233024419,16.609736230512137,16.609736230512137,16.609736230512137,20.440306980711618,Fail ,
15.157592197472677,15.445593418066442,13.32206666549804,15.157592197472677,4.507398233024419,4.507398233024419,4.507398233024419,16.609736230512137,16.609736230512137,16.609736230512137,19.005511832302904,Fail ,
15.157592197472677,15.445593418066442,13.32206666549804,15.157592197472677,4.507398233024419,4.507398233024419,4.507398233024419,16.609736230512137,16.609736230512137,16.609736230512137,23.16623754309341,Fail ,
15.157592197472677,15.445593418066442,13.32206666549804,15.157592197472677,4.507398233024419,4.507398233024419,4.507398233024419,16.609736230512137,16.609736230512137,16.609736230512137,18.905100512886797,Fail ,
15.157592197472677,15.445593418066442,13.32206666549804,15.157592197472677,4.507398233024419,4.507398233024419,4.507398233024419,16.609736230512137,16.609736230512137,16.609736230512137,19.99383509031623,Fail ,
15.157592197472677,15.445593418066442,13.32206666549804,15.157592197472677,4.507398233024419,4.507398233024419,4.507398233024419,16.609736230512137,16.609736230512137,16.609736230512137,18.871927375279665,Fail ,
15.157592197472677,15.445593418066442,13.32206666549804,15.157592197472677,4.507398233024419,4.507398233024419,4.507398233024419,16.609736230512137,16.609736230512137,16.609736230512137,17.09349218290118,Fail ,
15.157592197472677,15.445593418066442,13.32206666549804,15.157592197472677,4.507398233024419,4.507398233024419,4.507398233024419,16.609736230512137,16.609736230512137,16.609736230512137,20.660694185053593,Fail ,
15.157592197472677,15.445593418066442,13.32206666549804,15.157592197472677,4.507398233024419,4.507398233024419,4.507398233024419,16.609736230512137,16.609736230512137,16.609736230512137,19.146281498061064,Fail ,
15.157592197472677,15.445593418066442,13.32206666549804,15.157592197472677,4.507398233024419,4.507398233024419,4.507398233024419,16.609736230512137,16.609736230512137,16.609736230512137,23.892059661606226,Fail ,
15.157592197472677,15.445593418066442,13.32206666549804,15.157592197472677,4.507398233024419,4.507398233024419,4.507398233024419,16.609736230512137,16.609736230512137,16.609736230512137,19.91235199246895,Fail ,
15.157592197472677,15.445593418066442,13.32206666549804,15.157592197472677,4.507398233024419,4.507398233024419,4.507398233024419,16.609736230512137,16.609736230512137,16.609736230512137,18.091563276070573,Fail ,
15.157592197472677,15.445593418066442,13.32206666549804,15.157592197472677,4.507398233024419,4.507398233024419,4.507398233024419,16.609736230512137,16.609736230512137,16.609736230512137,21.23707821346626,Fail ,
15.157592197472677,15.445593418066442,13.32206666549804,15.157592197472677,4.507398233024419,4.507398233024419,4.507398233024419,16.609736230512137,16.609736230512137,16.609736230512137,17.599770445509968,Fail ,
15.157592197472677,15.445593418066442,13.32206666549804,15.157592197472677,4.507398233024419,4.507398233024419,4.507398233024419,16.609736230512137,16.609736230512137,16.609736230512137,20.42677663998192,Fail ,
15.157592197472677,15.445593418066442,13.32206666549804,15.157592197472677,4.507398233024419,4.507398233024419,4.507398233024419,16.609736230512137,16.609736230512137,16.609736230512137,19.385729670095852,Fail ,
15.157592197472677,15.445593418066442,13.32206666549804,15.157592197472677,4.507398233024419,4.507398233024419,4.507398233024419,16.609736230512137,16.609736230512137,16.609736230512137,21.531254047553464,Fail ,
15.157592197472677,15.445593418066442,13.32206666549804,15.157592197472677,4.507398233024419,4.507398233024419,4.507398233024419,16.609736230512137,16.609736230512137,16.609736230512137,24.620325943863357,Fail ,
15.157592197472677,15.445593418066442,13.32206666549804,15.157592197472677,4.507398233024419,4.507398233024419,4.507398233024419,16.609736230512137,16.609736230512137,16.609736230512137,20.5294933079519,Fail ,
15.157592197472677,15.445593418066442,13.32206666549804,15.157592197472677,4.507398233024419,4.507398233024419,4.507398233024419,16.609736230512137,16.609736230512137,16.609736230512137,19.231369288648448,Fail ,
15.157592197472677,15.445593418066442,13.32206666549804,15.157592197472677,4.507398233024419,4.507398233024419,4.507398233024419,16.609736230512137,16.609736230512137,16.609736230512137,20.853925698400626,Fail ,
15.157592197472677,15.445593418066442,13.32206666549804,15.157592197472677,4.507398233024419,4.507398233024419,4.507398233024419,16.609736230512137,16.609736230512137,16.609736230512137,20.004304996150395,Fail ,
15.157592197472677,15.445593418066442,13.32206666549804,15.157592197472677,4.507398233024419,4.507398233024419,4.507398233024419,16.609736230512137,16.609736230512137,16.609736230512137,19.141601640910515,Fail ,
15.157592197472677,15.445593418066442,13.32206666549804,15.157592197472677,4.507398233024419,4.507398233024419,4.507398233024419,16.609736230512137,16.609736230512137,16.609736230512137,25.457147681619176,Fail ,
15.157592197472677,15.445593418066442,13.32206666549804,15.157592197472677,4.507398233024419,4.507398233024419,4.507398233024419,16.609736230512137,16.609736230512137,16.609736230512137,23.210336680528545,Fail ,
15.157592197472677,15.445593418066442,13.32206666549804,15.157592197472677,4.507398233024419,4.507398233024419,4.507398233024419,16.609736230512137,16.609736230512137,16.609736230512137,21.38961553833171,Fail ,
15.157592197472677,15.445593418066442,13.32206666549804,15.157592197472677,4.507398233024419,4.507398233024419,4.507398233024419,16.609736230512137,16.609736230512137,16.609736230512137,19.74108333911526,Fail ,
15.157592197472677,15.445593418066442,13.32206666549804,15.157592197472677,4.507398233024419,4.507398233024419,4.507398233024419,16.609736230512137,16.609736230512137,16.609736230512137,20.245426415009888,Fail ,
15.157592197472677,15.445593418066442,13.32206666549804,15.157592197472677,4.507398233024419,4.507398233024419,4.507398233024419,16.609736230512137,16.609736230512137,16.609736230512137,20.748907603771187,Fail ,
15.157592197472677,15.445593418066442,13.32206666549804,15.157592197472677,4.507398233024419,4.507398233024419,4.507398233024419,16.609736230512137,16.609736230512137,16.609736230512137,23.340080616262636,Fail ,
15.157592197472677,15.445593418066442,13.32206666549804,15.157592197472677,4.507398233024419,4.507398233024419,4.507398233024419,16.609736230512137,16.609736230512137,16.609736230512137,19.263232293855644,Fail ,
15.157592197472677,15.445593418066442,13.32206666549804,15.157592197472677,4.507398233024419,4.507398233024419,4.507398233024419,16.609736230512137,16.609736230512137,16.609736230512137,20.493675241618188,Fail ,
15.157592197472677,15.445593418066442,13.32206666549804,15.157592197472677,4.507398233024419,4.507398233024419,4.507398233024419,16.609736230512137,16.609736230512137,16.609736230512137,21.30089357196211,Fail ,
15.157592197472677,15.445593418066442,13.32206666549804,15.157592197472677,4.507398233024419,4.507398233024419,4.507398233024419,16.609736230512137,16.609736230512137,16.609736230512137,23.32869275940088,Fail ,
15.157592197472677,15.445593418066442,13.32206666549804,15.157592197472677,4.507398233024419,4.507398233024419,4.507398233024419,16.609736230512137,16.609736230512137,16.609736230512137,19.283379235507216,Fail ,
15.157592197472677,15.445593418066442,13.32206666549804,15.157592197472677,4.507398233024419,4.507398233024419,4.507398233024419,16.609736230512137,16.609736230512137,16.609736230512137,20.31750283942358,Fail ,
15.157592197472677,15.445593418066442,13.32206666549804,15.157592197472677,4.507398233024419,4.507398233024419,4.507398233024419,16.609736230512137,16.609736230512137,16.609736230512137,22.603051972604813,Fail ,
15.157592197472677,15.445593418066442,13.32206666549804,15.157592197472677,4.507398233024419,4.507398233024419,4.507398233024419,16.609736230512137,16.609736230512137,16.609736230512137,20.31559684176518,Fail ,
15.157592197472677,15.445593418066442,13.32206666549804,15.157592197472677,4.507398233024419,4.507398233024419,4.507398233024419,16.609736230512137,16.609736230512137,16.609736230512137,19.49469067190256,Fail ,
15.157592197472677,15.445593418066442,13.32206666549804,15.157592197472677,4.507398233024419,4.507398233024419,4.507398233024419,16.609736230512137,16.609736230512137,16.609736230512137,23.841542423085933,Fail ,
15.157592197472677,15.445593418066442,13.32206666549804,15.157592197472677,4.507398233024419,4.507398233024419,4.507398233024419,16.609736230512137,16.609736230512137,16.609736230512137,23.4664322490024,Fail ,
15.157592197472677,15.445593418066442,13.32206666549804,15.157592197472677,4.507398233024419,4.507398233024419,4.507398233024419,16.609736230512137,16.609736230512137,16.609736230512137,19.395361656575318,Fail ,
15.157592197472677,15.445593418066442,13.32206666549804,15.157592197472677,4.507398233024419,4.507398233024419,4.507398233024419,16.609736230512137,16.609736230512137,16.609736230512137,19.23065559863913,Fail ,
15.157592197472677,15.445593418066442,13.32206666549804,15.157592197472677,4.507398233024419,4.507398233024419,4.507398233024419,16.609736230512137,16.609736230512137,16.609736230512137,21.961180785362558,Fail ,
15.157592197472677,15.445593418066442,13.32206666549804,15.157592197472677,4.507398233024419,4.507398233024419,4.507398233024419,16.609736230512137,16.609736230512137,16.609736230512137,19.987960323456832,Fail ,
15.157592197472677,15.445593418066442,13.32206666549804,15.157592197472677,4.507398233024419,4.507398233024419,4.507398233024419,16.609736230512137,16.609736230512137,16.609736230512137,18.76142818943595,Fail ,
15.157592197472677,15.445593418066442,13.32206666549804,15.157592197472677,4.507398233024419,4.507398233024419,4.507398233024419,16.609736230512137,16.609736230512137,16.609736230512137,18.821846107332096,Fail ,
15.157592197472677,15.445593418066442,13.32206666549804,15.157592197472677,4.507398233024419,4.507398233024419,4.507398233024419,16.609736230512137,16.609736230512137,16.609736230512137,21.583687274952077,Fail ,
15.157592197472677,15.445593418066442,13.32206666549804,15.157592197472677,4.507398233024419,4.507398233024419,4.507398233024419,16.609736230512137,16.609736230512137,16.609736230512137,19.893937129589993,Fail ,
15.157592197472677,15.445593418066442,13.32206666549804,15.157592197472677,4.507398233024419,4.507398233024419,4.507398233024419,16.609736230512137,16.609736230512137,16.609736230512137,19.9872737230794,Fail ,
15.157592197472677,15.445593418066442,13.32206666549804,15.157592197472677,4.507398233024419,4.507398233024419,4.507398233024419,16.609736230512137,16.609736230512137,16.609736230512137,19.581850791812208,Fail ,
15.157592197472677,15.445593418066442,13.32206666549804,15.157592197472677,4.507398233024419,4.507398233024419,4.507398233024419,16.609736230512137,16.609736230512137,16.609736230512137,18.96770081741182,Fail ,
15.157592197472677,15.445593418066442,13.32206666549804,15.157592197472677,4.507398233024419,4.507398233024419,4.507398233024419,16.609736230512137,16.609736230512137,16.609736230512137,16.143865582439425,Fail ,
15.157592197472677,15.445593418066442,13.32206666549804,15.157592197472677,4.507398233024419,4.507398233024419,4.507398233024419,16.609736230512137,16.609736230512137,16.609736230512137,16.93568711152519,Fail ,
15.157592197472677,15.445593418066442,13.32206666549804,15.157592197472677,4.507398233024419,4.507398233024419,4.507398233024419,16.609736230512137,16.609736230512137,16.609736230512137,19.973847632592996,Fail ,
15.157592197472677,15.445593418066442,13.32206666549804,15.157592197472677,4.507398233024419,4.507398233024419,4.507398233024419,16.609736230512137,16.609736230512137,16.609736230512137,22.951469187713002,Fail ,
15.157592197472677,15.445593418066442,13.32206666549804,15.157592197472677,4.507398233024419,4.507398233024419,4.507398233024419,16.609736230512137,16.609736230512137,16.609736230512137,21.855935101382098,Fail ,
15.157592197472677,15.445593418066442,13.32206666549804,15.157592197472677,4.507398233024419,4.507398233024419,4.507398233024419,16.609736230512137,16.609736230512137,16.609736230512137,20.56840107241601,Fail ,
15.157592197472677,15.445593418066442,13.32206666549804,15.157592197472677,4.507398233024419,4.507398233024419,4.507398233024419,16.609736230512137,16.609736230512137,16.609736230512137,15.413817169954266,Fail ,
15.157592197472677,15.445593418066442,13.32206666549804,15.157592197472677,4.507398233024419,4.507398233024419,4.507398233024419,16.609736230512137,16.609736230512137,16.609736230512137,19.794266679153743,Fail ,
15.157592197472677,15.445593418066442,13.32206666549804,15.157592197472677,4.507398233024419,4.507398233024419,4.507398233024419,16.609736230512137,16.609736230512137,16.609736230512137,20.116657757669408,Fail ,
15.157592197472677,15.445593418066442,13.32206666549804,15.157592197472677,4.507398233024419,4.507398233024419,4.507398233024419,16.609736230512137,16.609736230512137,16.609736230512137,21.890544400608476,Fail ,
15.157592197472677,15.445593418066442,13.32206666549804,15.157592197472677,4.507398233024419,4.507398233024419,4.507398233024419,16.609736230512137,16.609736230512137,16.609736230512137,18.585416432058267,Fail ,
15.157592197472677,15.445593418066442,13.32206666549804,15.157592197472677,4.507398233024419,4.507398233024419,4.507398233024419,16.609736230512137,16.609736230512137,16.609736230512137,18.352502448746804,Fail ,
15.157592197472677,15.445593418066442,13.32206666549804,15.157592197472677,4.507398233024419,4.507398233024419,4.507398233024419,16.609736230512137,16.609736230512137,16.609736230512137,18.20127261592263,Fail ,
15.157592197472677,15.445593418066442,13.32206666549804,15.157592197472677,4.507398233024419,4.507398233024419,4.507398233024419,16.609736230512137,16.609736230512137,16.609736230512137,19.641026278750722,Fail ,
15.157592197472677,15.445593418066442,13.32206666549804,15.157592197472677,4.507398233024419,4.507398233024419,4.507398233024419,16.609736230512137,16.609736230512137,16.609736230512137,22.120261667039095,Fail ,
15.157592197472677,15.445593418066442,13.32206666549804,15.157592197472677,4.507398233024419,4.507398233024419,4.507398233024419,16.609736230512137,16.609736230512137,16.609736230512137,21.13303404464985,Fail ,
15.157592197472677,15.445593418066442,13.32206666549804,15.157592197472677,4.507398233024419,4.507398233024419,4.507398233024419,16.609736230512137,16.609736230512137,16.609736230512137,20.551369178815655,Fail ,
15.157592197472677,15.445593418066442,13.32206666549804,15.157592197472677,4.507398233024419,4.507398233024419,4.507398233024419,16.609736230512137,16.609736230512137,16.609736230512137,20.660914946040016,Fail ,
15.157592197472677,15.445593418066442,13.32206666549804,15.157592197472677,4.507398233024419,4.507398233024419,4.507398233024419,16.609736230512137,16.609736230512137,16.609736230512137,19.86330331397959,Fail ,
15.157592197472677,15.445593418066442,13.32206666549804,15.157592197472677,4.507398233024419,4.507398233024419,4.507398233024419,16.609736230512137,16.609736230512137,16.609736230512137,20.222078045362785,Fail ,
15.157592197472677,15.445593418066442,13.32206666549804,15.157592197472677,4.507398233024419,4.507398233024419,4.507398233024419,16.609736230512137,16.609736230512137,16.609736230512137,22.11622032129443,Fail ,
15.157592197472677,15.445593418066442,13.32206666549804,15.157592197472677,4.507398233024419,4.507398233024419,4.507398233024419,16.609736230512137,16.609736230512137,16.609736230512137,18.947210509337957,Fail ,
15.157592197472677,15.445593418066442,13.32206666549804,15.157592197472677,4.507398233024419,4.507398233024419,4.507398233024419,16.609736230512137,16.609736230512137,16.609736230512137,22.365952333957498,Fail ,
15.157592197472677,15.445593418066442,13.32206666549804,15.157592197472677,4.507398233024419,4.507398233024419,4.507398233024419,16.609736230512137,16.609736230512137,16.609736230512137,18.629282677796184,Fail ,
15.157592197472677,15.445593418066442,13.32206666549804,15.157592197472677,4.507398233024419,4.507398233024419,4.507398233024419,16.609736230512137,16.609736230512137,16.609736230512137,20.27495695332249,Fail ,
15.157592197472677,15.445593418066442,13.32206666549804,15.157592197472677,4.507398233024419,4.507398233024419,4.507398233024419,16.609736230512137,16.609736230512137,16.609736230512137,22.336208236549595,Fail ,
15.157592197472677,15.445593418066442,13.32206666549804,15.157592197472677,4.507398233024419,4.507398233024419,4.507398233024419,16.609736230512137,16.609736230512137,16.609736230512137,16.75940019524992,Fail ,
15.157592197472677,15.445593418066442,13.32206666549804,15.157592197472677,4.507398233024419,4.507398233024419,4.507398233024419,16.609736230512137,16.609736230512137,16.609736230512137,20.757669058756484,Fail ,
15.157592197472677,15.445593418066442,13.32206666549804,15.157592197472677,4.507398233024419,4.507398233024419,4.507398233024419,16.609736230512137,16.609736230512137,16.609736230512137,23.543726454742647,Fail ,
15.157592197472677,15.445593418066442,13.32206666549804,15.157592197472677,4.507398233024419,4.507398233024419,4.507398233024419,16.609736230512137,16.609736230512137,16.609736230512137,23.80698941375576,Fail ,
15.157592197472677,15.445593418066442,13.32206666549804,15.157592197472677,4.507398233024419,4.507398233024419,4.507398233024419,16.609736230512137,16.609736230512137,16.609736230512137,20.44226188320639,Fail ,
15.157592197472677,15.445593418066442,13.32206666549804,15.157592197472677,4.507398233024419,4.507398233024419,4.507398233024419,16.609736230512137,16.609736230512137,16.609736230512137,22.791941284112777,Fail ,
15.157592197472677,15.445593418066442,13.32206666549804,15.157592197472677,4.507398233024419,4.507398233024419,4.507398233024419,16.609736230512137,16.609736230512137,16.609736230512137,19.242292816933336,Fail ,
15.157592197472677,15.445593418066442,13.32206666549804,15.157592197472677,4.507398233024419,4.507398233024419,4.507398233024419,16.609736230512137,16.609736230512137,16.609736230512137,18.67989859587825,Fail ,
15.157592197472677,15.445593418066442,13.32206666549804,15.157592197472677,4.507398233024419,4.507398233024419,4.507398233024419,16.609736230512137,16.609736230512137,16.609736230512137,17.487302242451324,Fail ,
15.157592197472677,15.445593418066442,13.32206666549804,15.157592197472677,4.507398233024419,4.507398233024419,4.507398233024419,16.609736230512137,16.609736230512137,16.609736230512137,18.029132654172738,Fail ,
15.157592197472677,15.445593418066442,13.32206666549804,15.157592197472677,4.507398233024419,4.507398233024419,4.507398233024419,16.609736230512137,16.609736230512137,16.609736230512137,21.754899859856778,Fail ,
15.157592197472677,15.445593418066442,13.32206666549804,15.157592197472677,4.507398233024419,4.507398233024419,4.507398233024419,16.609736230512137,16.609736230512137,16.609736230512137,20.57316227176572,Fail ,
15.157592197472677,15.445593418066442,13.32206666549804,15.157592197472677,4.507398233024419,4.507398233024419,4.507398233024419,16.609736230512137,16.609736230512137,16.609736230512137,20.317509517431088,Fail ,
15.157592197472677,15.445593418066442,13.32206666549804,15.157592197472677,4.507398233024419,4.507398233024419,4.507398233024419,16.609736230512137,16.609736230512137,16.609736230512137,20.602544532224538,Fail ,
15.157592197472677,15.445593418066442,13.32206666549804,15.157592197472677,4.507398233024419,4.507398233024419,4.507398233024419,16.609736230512137,16.609736230512137,16.609736230512137,21.187536374954018,Fail ,
15.157592197472677,15.445593418066442,13.32206666549804,15.157592197472677,4.507398233024419,4.507398233024419,4.507398233024419,16.609736230512137,16.609736230512137,16.609736230512137,19.653058318908464,Fail ,
15.157592197472677,15.445593418066442,13.32206666549804,15.157592197472677,4.507398233024419,4.507398233024419,4.507398233024419,16.609736230512137,16.609736230512137,16.609736230512137,18.492181670990224,Fail ,
15.157592197472677,15.445593418066442,13.32206666549804,15.157592197472677,4.507398233024419,4.507398233024419,4.507398233024419,16.609736230512137,16.609736230512137,16.609736230512137,20.344620153773274,Fail ,
15.157592197472677,15.445593418066442,13.32206666549804,15.157592197472677,4.507398233024419,4.507398233024419,4.507398233024419,16.609736230512137,16.609736230512137,16.609736230512137,21.59324440529038,Fail ,
15.157592197472677,15.445593418066442,13.32206666549804,15.157592197472677,4.507398233024419,4.507398233024419,4.507398233024419,16.609736230512137,16.609736230512137,16.609736230512137,20.63288825850416,Fail ,
15.157592197472677,15.445593418066442,13.32206666549804,15.157592197472677,4.507398233024419,4.507398233024419,4.507398233024419,16.609736230512137,16.609736230512137,16.609736230512137,22.55749247466309,Fail ,
15.157592197472677,15.445593418066442,13.32206666549804,15.157592197472677,4.507398233024419,4.507398233024419,4.507398233024419,16.609736230512137,16.609736230512137,16.609736230512137,21.285653086102435,Fail ,
15.157592197472677,15.445593418066442,13.32206666549804,15.157592197472677,4.507398233024419,4.507398233024419,4.507398233024419,16.609736230512137,16.609736230512137,16.609736230512137,17.517625051970075,Fail ,
15.157592197472677,15.445593418066442,13.32206666549804,15.157592197472677,4.507398233024419,4.507398233024419,4.507398233024419,16.609736230512137,16.609736230512137,16.609736230512137,20.072015758662765,Fail ,
15.157592197472677,15.445593418066442,13.32206666549804,15.157592197472677,4.507398233024419,4.507398233024419,4.507398233024419,16.609736230512137,16.609736230512137,16.609736230512137,19.42814327307898,Fail ,
15.157592197472677,15.445593418066442,13.32206666549804,15.157592197472677,4.507398233024419,4.507398233024419,4.507398233024419,16.609736230512137,16.609736230512137,16.609736230512137,21.420205354336034,Fail ,
15.157592197472677,15.445593418066442,13.32206666549804,15.157592197472677,4.507398233024419,4.507398233024419,4.507398233024419,16.609736230512137,16.609736230512137,16.609736230512137,18.978790367445498,Fail ,
15.157592197472677,15.445593418066442,13.32206666549804,15.157592197472677,4.507398233024419,4.507398233024419,4.507398233024419,16.609736230512137,16.609736230512137,16.609736230512137,22.658840196438245,Fail ,
15.157592197472677,15.445593418066442,13.32206666549804,15.157592197472677,4.507398233024419,4.507398233024419,4.507398233024419,16.609736230512137,16.609736230512137,16.609736230512137,20.496222721492604,Fail ,
15.157592197472677,15.445593418066442,13.32206666549804,15.157592197472677,4.507398233024419,4.507398233024419,4.507398233024419,16.609736230512137,16.609736230512137,16.609736230512137,20.34891665764097,Fail ,
15.157592197472677,15.445593418066442,13.32206666549804,15.157592197472677,4.507398233024419,4.507398233024419,4.507398233024419,16.609736230512137,16.609736230512137,16.609736230512137,21.566889493344718,Fail ,
15.157592197472677,15.445593418066442,13.32206666549804,15.157592197472677,4.507398233024419,4.507398233024419,4.507398233024419,16.609736230512137,16.609736230512137,16.609736230512137,21.13572477373487,Fail ,
15.157592197472677,15.445593418066442,13.32206666549804,15.157592197472677,4.507398233024419,4.507398233024419,4.507398233024419,16.609736230512137,16.609736230512137,16.609736230512137,18.351394483448917,Fail ,
15.157592197472677,15.445593418066442,13.32206666549804,15.157592197472677,4.507398233024419,4.507398233024419,4.507398233024419,16.609736230512137,16.609736230512137,16.609736230512137,20.712854310033773,Fail ,
15.157592197472677,15.445593418066442,13.32206666549804,15.157592197472677,4.507398233024419,4.507398233024419,4.507398233024419,16.609736230512137,16.609736230512137,16.609736230512137,19.719893533323404,Fail ,
15.157592197472677,15.445593418066442,13.32206666549804,15.157592197472677,4.507398233024419,4.507398233024419,4.507398233024419,16.609736230512137,16.609736230512137,16.609736230512137,18.308377088072298,Fail ,
15.157592197472677,15.445593418066442,13.32206666549804,15.157592197472677,4.507398233024419,4.507398233024419,4.507398233024419,16.609736230512137,16.609736230512137,16.609736230512137,20.348552043612987,Fail ,
15.157592197472677,15.445593418066442,13.32206666549804,15.157592197472677,4.507398233024419,4.507398233024419,4.507398233024419,16.609736230512137,16.609736230512137,16.609736230512137,20.98863980018542,Fail ,
15.157592197472677,15.445593418066442,13.32206666549804,15.157592197472677,4.507398233024419,4.507398233024419,4.507398233024419,16.609736230512137,16.609736230512137,16.609736230512137,18.465486391922255,Fail ,
15.157592197472677,15.445593418066442,13.32206666549804,15.157592197472677,4.507398233024419,4.507398233024419,4.507398233024419,16.609736230512137,16.609736230512137,16.609736230512137,18.2654264646092,Fail ,
15.157592197472677,15.445593418066442,13.32206666549804,15.157592197472677,4.507398233024419,4.507398233024419,4.507398233024419,16.609736230512137,16.609736230512137,16.609736230512137,19.179087413733406,Fail ,
15.157592197472677,15.445593418066442,13.32206666549804,15.157592197472677,4.507398233024419,4.507398233024419,4.507398233024419,16.609736230512137,16.609736230512137,16.609736230512137,20.55648963144929,Fail ,
15.157592197472677,15.445593418066442,13.32206666549804,15.157592197472677,4.507398233024419,4.507398233024419,4.507398233024419,16.609736230512137,16.609736230512137,16.609736230512137,22.371895148077456,Fail ,
15.157592197472677,15.445593418066442,13.32206666549804,15.157592197472677,4.507398233024419,4.507398233024419,4.507398233024419,16.609736230512137,16.609736230512137,16.609736230512137,22.03103185605796,Fail ,
15.157592197472677,15.445593418066442,13.32206666549804,15.157592197472677,4.507398233024419,4.507398233024419,4.507398233024419,16.609736230512137,16.609736230512137,16.609736230512137,22.00876844929415,Fail ,
15.157592197472677,15.445593418066442,13.32206666549804,15.157592197472677,4.507398233024419,4.507398233024419,4.507398233024419,16.609736230512137,16.609736230512137,16.609736230512137,19.978913544878203,Fail ,
15.157592197472677,15.445593418066442,13.32206666549804,15.157592197472677,4.507398233024419,4.507398233024419,4.507398233024419,16.609736230512137,16.609736230512137,16.609736230512137,21.87062748803485,Fail ,
15.157592197472677,15.445593418066442,13.32206666549804,15.157592197472677,4.507398233024419,4.507398233024419,4.507398233024419,16.609736230512137,16.609736230512137,16.609736230512137,22.178560472922644,Fail ,
15.157592197472677,15.445593418066442,13.32206666549804,15.157592197472677,4.507398233024419,4.507398233024419,4.507398233024419,16.609736230512137,16.609736230512137,16.609736230512137,19.27994867408514,Fail ,
15.157592197472677,15.445593418066442,13.32206666549804,15.157592197472677,4.507398233024419,4.507398233024419,4.507398233024419,16.609736230512137,16.609736230512137,16.609736230512137,18.743223107283466,Fail ,
15.157592197472677,15.445593418066442,13.32206666549804,15.157592197472677,4.507398233024419,4.507398233024419,4.507398233024419,16.609736230512137,16.609736230512137,16.609736230512137,23.04339724408094,Fail ,
15.157592197472677,15.445593418066442,13.32206666549804,15.157592197472677,4.507398233024419,4.507398233024419,4.507398233024419,16.609736230512137,16.609736230512137,16.609736230512137,17.57812115087668,Fail ,
15.157592197472677,15.445593418066442,13.32206666549804,15.157592197472677,4.507398233024419,4.507398233024419,4.507398233024419,16.609736230512137,16.609736230512137,16.609736230512137,19.164503901356913,Fail ,
15.157592197472677,15.445593418066442,13.32206666549804,15.157592197472677,4.507398233024419,4.507398233024419,4.507398233024419,16.609736230512137,16.609736230512137,16.609736230512137,19.91109217860034,Fail ,
15.157592197472677,15.445593418066442,13.32206666549804,15.157592197472677,4.507398233024419,4.507398233024419,4.507398233024419,16.609736230512137,16.609736230512137,16.609736230512137,19.854163334601605,Fail ,
15.157592197472677,15.445593418066442,13.32206666549804,15.157592197472677,4.507398233024419,4.507398233024419,4.507398233024419,16.609736230512137,16.609736230512137,16.609736230512137,23.867815639110397,Fail ,
15.157592197472677,15.445593418066442,13.32206666549804,15.157592197472677,4.507398233024419,4.507398233024419,4.507398233024419,16.609736230512137,16.609736230512137,16.609736230512137,17.64940360968461,Fail ,
15.157592197472677,15.445593418066442,13.32206666549804,15.157592197472677,4.507398233024419,4.507398233024419,4.507398233024419,16.609736230512137,16.609736230512137,16.609736230512137,19.84995293434059,Fail ,
15.157592197472677,15.445593418066442,13.32206666549804,15.157592197472677,4.507398233024419,4.507398233024419,4.507398233024419,16.609736230512137,16.609736230512137,16.609736230512137,18.549687024097153,Fail ,
15.157592197472677,15.445593418066442,13.32206666549804,15.157592197472677,4.507398233024419,4.507398233024419,4.507398233024419,16.609736230512137,16.609736230512137,16.609736230512137,22.424216326056765,Fail ,
15.157592197472677,15.445593418066442,13.32206666549804,15.157592197472677,4.507398233024419,4.507398233024419,4.507398233024419,16.609736230512137,16.609736230512137,16.609736230512137,20.457637837325578,Fail ,
15.157592197472677,15.445593418066442,13.32206666549804,15.157592197472677,4.507398233024419,4.507398233024419,4.507398233024419,16.609736230512137,16.609736230512137,16.609736230512137,18.45584995590334,Fail ,
15.157592197472677,15.445593418066442,13.32206666549804,15.157592197472677,4.507398233024419,4.507398233024419,4.507398233024419,16.609736230512137,16.609736230512137,16.609736230512137,21.663053359641346,Fail ,
15.157592197472677,15.445593418066442,13.32206666549804,15.157592197472677,4.507398233024419,4.507398233024419,4.507398233024419,16.609736230512137,16.609736230512137,16.609736230512137,20.720609902701053,Fail ,
15.157592197472677,15.445593418066442,13.32206666549804,15.157592197472677,4.507398233024419,4.507398233024419,4.507398233024419,16.609736230512137,16.609736230512137,16.609736230512137,24.142410573936683,Fail ,
15.157592197472677,15.445593418066442,13.32206666549804,15.157592197472677,4.507398233024419,4.507398233024419,4.507398233024419,16.609736230512137,16.609736230512137,16.609736230512137,22.329794220173333,Fail ,
15.157592197472677,15.445593418066442,13.32206666549804,15.157592197472677,4.507398233024419,4.507398233024419,4.507398233024419,16.609736230512137,16.609736230512137,16.609736230512137,19.943656101938227,Fail ,
15.157592197472677,15.445593418066442,13.32206666549804,15.157592197472677,4.507398233024419,4.507398233024419,4.507398233024419,16.609736230512137,16.609736230512137,16.609736230512137,18.936535601500378,Fail ,
15.157592197472677,15.445593418066442,13.32206666549804,15.157592197472677,4.507398233024419,4.507398233024419,4.507398233024419,16.609736230512137,16.609736230512137,16.609736230512137,21.00872934639632,Fail ,
15.157592197472677,15.445593418066442,13.32206666549804,15.157592197472677,4.507398233024419,4.507398233024419,4.507398233024419,16.609736230512137,16.609736230512137,16.609736230512137,22.642202870227823,Fail ,
15.157592197472677,15.445593418066442,13.32206666549804,15.157592197472677,4.507398233024419,4.507398233024419,4.507398233024419,16.609736230512137,16.609736230512137,16.609736230512137,21.138715719134787,Fail ,
