W12X22, L = 360.0 in, slope = 0.020833333333333332 in/in, dead load = 6.944444444444444e-05 kip/in^2
zwlim AISC Appendix 2,zwlim DAMP,zwlim Proposed for ASCE 7,zwlim Neglect Ponding,dhnom Denver,dhnom New York,dhnom New Orleans,dh Denver,dh New York,dh New Orleans,dmax
13.613738959435388,13.253187861458679,11.768051787427275,13.83689944023908,1.0868876767990567,1.0868876767990567,1.0868876767990567,1.2219650675267686,1.2219650675267686,1.2219650675267686,19.046354336496375,Safe ,
13.613738959435388,13.253187861458679,11.768051787427275,13.83689944023908,1.0868876767990567,1.0868876767990567,1.0868876767990567,1.2219650675267686,1.2219650675267686,1.2219650675267686,16.709966493186275,Safe ,
13.613738959435388,13.253187861458679,11.768051787427275,13.83689944023908,1.0868876767990567,1.0868876767990567,1.0868876767990567,1.2219650675267686,1.2219650675267686,1.2219650675267686,16.127961326597237,Safe ,
13.613738959435388,13.253187861458679,11.768051787427275,13.83689944023908,1.0868876767990567,1.0868876767990567,1.0868876767990567,1.2219650675267686,1.2219650675267686,1.2219650675267686,18.915469091724646,Safe ,
13.613738959435388,13.253187861458679,11.768051787427275,13.83689944023908,1.0868876767990567,1.0868876767990567,1.0868876767990567,1.2219650675267686,1.2219650675267686,1.2219650675267686,15.809568551682116,Safe ,
13.613738959435388,13.253187861458679,11.768051787427275,13.83689944023908,1.0868876767990567,1.0868876767990567,1.0868876767990567,1.2219650675267686,1.2219650675267686,1.2219650675267686,23.29881323948458,Safe ,
13.613738959435388,13.253187861458679,11.768051787427275,13.83689944023908,1.0868876767990567,1.0868876767990567,1.0868876767990567,1.2219650675267686,1.2219650675267686,1.2219650675267686,17.639968563209035,Safe ,
13.613738959435388,13.253187861458679,11.768051787427275,13.83689944023908,1.0868876767990567,1.0868876767990567,1.0868876767990567,1.2219650675267686,1.2219650675267686,1.2219650675267686,16.005789136702358,Safe ,
13.613738959435388,13.253187861458679,11.768051787427275,13.83689944023908,1.0868876767990567,1.0868876767990567,1.0868876767990567,1.2219650675267686,1.2219650675267686,1.2219650675267686,18.43389945403342,Safe ,
13.613738959435388,13.253187861458679,11.768051787427275,13.83689944023908,1.0868876767990567,1.0868876767990567,1.0868876767990567,1.2219650675267686,1.2219650675267686,1.2219650675267686,17.329845607425828,Safe ,
13.613738959435388,13.253187861458679,11.768051787427275,13.83689944023908,1.0868876767990567,1.0868876767990567,1.0868876767990567,1.2219650675267686,1.2219650675267686,1.2219650675267686,15.244725077420055,Safe ,
13.613738959435388,13.253187861458679,11.768051787427275,13.83689944023908,1.0868876767990567,1.0868876767990567,1.0868876767990567,1.2219650675267686,1.2219650675267686,1.2219650675267686,14.789420891766534,Safe ,
13.613738959435388,13.253187861458679,11.768051787427275,13.83689944023908,1.0868876767990567,1.0868876767990567,1.0868876767990567,1.2219650675267686,1.2219650675267686,1.2219650675267686,18.661303957100916,Safe ,
13.613738959435388,13.253187861458679,11.768051787427275,13.83689944023908,1.0868876767990567,1.0868876767990567,1.0868876767990567,1.2219650675267686,1.2219650675267686,1.2219650675267686,16.360872922527548,Safe ,
13.613738959435388,13.253187861458679,11.768051787427275,13.83689944023908,1.0868876767990567,1.0868876767990567,1.0868876767990567,1.2219650675267686,1.2219650675267686,1.2219650675267686,18.940007035436288,Safe ,
13.613738959435388,13.253187861458679,11.768051787427275,13.83689944023908,1.0868876767990567,1.0868876767990567,1.0868876767990567,1.2219650675267686,1.2219650675267686,1.2219650675267686,17.222876998821288,Safe ,
13.613738959435388,13.253187861458679,11.768051787427275,13.83689944023908,1.0868876767990567,1.0868876767990567,1.0868876767990567,1.2219650675267686,1.2219650675267686,1.2219650675267686,17.793928327436408,Safe ,
13.613738959435388,13.253187861458679,11.768051787427275,13.83689944023908,1.0868876767990567,1.0868876767990567,1.0868876767990567,1.2219650675267686,1.2219650675267686,1.2219650675267686,19.48891456342888,Safe ,
13.613738959435388,13.253187861458679,11.768051787427275,13.83689944023908,1.0868876767990567,1.0868876767990567,1.0868876767990567,1.2219650675267686,1.2219650675267686,1.2219650675267686,15.966091140973141,Safe ,
13.613738959435388,13.253187861458679,11.768051787427275,13.83689944023908,1.0868876767990567,1.0868876767990567,1.0868876767990567,1.2219650675267686,1.2219650675267686,1.2219650675267686,16.79979953088722,Safe ,
13.613738959435388,13.253187861458679,11.768051787427275,13.83689944023908,1.0868876767990567,1.0868876767990567,1.0868876767990567,1.2219650675267686,1.2219650675267686,1.2219650675267686,15.870799197293955,Safe ,
13.613738959435388,13.253187861458679,11.768051787427275,13.83689944023908,1.0868876767990567,1.0868876767990567,1.0868876767990567,1.2219650675267686,1.2219650675267686,1.2219650675267686,18.797584219775995,Safe ,
13.613738959435388,13.253187861458679,11.768051787427275,13.83689944023908,1.0868876767990567,1.0868876767990567,1.0868876767990567,1.2219650675267686,1.2219650675267686,1.2219650675267686,19.469966133541288,Safe ,
13.613738959435388,13.253187861458679,11.768051787427275,13.83689944023908,1.0868876767990567,1.0868876767990567,1.0868876767990567,1.2219650675267686,1.2219650675267686,1.2219650675267686,17.417924654596423,Safe ,
13.613738959435388,13.253187861458679,11.768051787427275,13.83689944023908,1.0868876767990567,1.0868876767990567,1.0868876767990567,1.2219650675267686,1.2219650675267686,1.2219650675267686,16.71935002519393,Safe ,
13.613738959435388,13.253187861458679,11.768051787427275,13.83689944023908,1.0868876767990567,1.0868876767990567,1.0868876767990567,1.2219650675267686,1.2219650675267686,1.2219650675267686,14.716917034122282,Safe ,
13.613738959435388,13.253187861458679,11.768051787427275,13.83689944023908,1.0868876767990567,1.0868876767990567,1.0868876767990567,1.2219650675267686,1.2219650675267686,1.2219650675267686,18.391343196807505,Safe ,
13.613738959435388,13.253187861458679,11.768051787427275,13.83689944023908,1.0868876767990567,1.0868876767990567,1.0868876767990567,1.2219650675267686,1.2219650675267686,1.2219650675267686,18.00742776303684,Safe ,
13.613738959435388,13.253187861458679,11.768051787427275,13.83689944023908,1.0868876767990567,1.0868876767990567,1.0868876767990567,1.2219650675267686,1.2219650675267686,1.2219650675267686,16.04046039569429,Safe ,
13.613738959435388,13.253187861458679,11.768051787427275,13.83689944023908,1.0868876767990567,1.0868876767990567,1.0868876767990567,1.2219650675267686,1.2219650675267686,1.2219650675267686,20.13043924592282,Safe ,
13.613738959435388,13.253187861458679,11.768051787427275,13.83689944023908,1.0868876767990567,1.0868876767990567,1.0868876767990567,1.2219650675267686,1.2219650675267686,1.2219650675267686,17.819166963151705,Safe ,
13.613738959435388,13.253187861458679,11.768051787427275,13.83689944023908,1.0868876767990567,1.0868876767990567,1.0868876767990567,1.2219650675267686,1.2219650675267686,1.2219650675267686,18.359556772133654,Safe ,
13.613738959435388,13.253187861458679,11.768051787427275,13.83689944023908,1.0868876767990567,1.0868876767990567,1.0868876767990567,1.2219650675267686,1.2219650675267686,1.2219650675267686,16.533451033841775,Safe ,
13.613738959435388,13.253187861458679,11.768051787427275,13.83689944023908,1.0868876767990567,1.0868876767990567,1.0868876767990567,1.2219650675267686,1.2219650675267686,1.2219650675267686,19.603221305280684,Safe ,
13.613738959435388,13.253187861458679,11.768051787427275,13.83689944023908,1.0868876767990567,1.0868876767990567,1.0868876767990567,1.2219650675267686,1.2219650675267686,1.2219650675267686,18.639361361523193,Safe ,
13.613738959435388,13.253187861458679,11.768051787427275,13.83689944023908,1.0868876767990567,1.0868876767990567,1.0868876767990567,1.2219650675267686,1.2219650675267686,1.2219650675267686,15.985345073109736,Safe ,
13.613738959435388,13.253187861458679,11.768051787427275,13.83689944023908,1.0868876767990567,1.0868876767990567,1.0868876767990567,1.2219650675267686,1.2219650675267686,1.2219650675267686,18.03568870130035,Safe ,
13.613738959435388,13.253187861458679,11.768051787427275,13.83689944023908,1.0868876767990567,1.0868876767990567,1.0868876767990567,1.2219650675267686,1.2219650675267686,1.2219650675267686,18.359643779628627,Safe ,
13.613738959435388,13.253187861458679,11.768051787427275,13.83689944023908,1.0868876767990567,1.0868876767990567,1.0868876767990567,1.2219650675267686,1.2219650675267686,1.2219650675267686,19.125006747959617,Safe ,
13.613738959435388,13.253187861458679,11.768051787427275,13.83689944023908,1.0868876767990567,1.0868876767990567,1.0868876767990567,1.2219650675267686,1.2219650675267686,1.2219650675267686,15.427803385957157,Safe ,
13.613738959435388,13.253187861458679,11.768051787427275,13.83689944023908,1.0868876767990567,1.0868876767990567,1.0868876767990567,1.2219650675267686,1.2219650675267686,1.2219650675267686,19.612520642555538,Safe ,
13.613738959435388,13.253187861458679,11.768051787427275,13.83689944023908,1.0868876767990567,1.0868876767990567,1.0868876767990567,1.2219650675267686,1.2219650675267686,1.2219650675267686,16.576920412287794,Safe ,
13.613738959435388,13.253187861458679,11.768051787427275,13.83689944023908,1.0868876767990567,1.0868876767990567,1.0868876767990567,1.2219650675267686,1.2219650675267686,1.2219650675267686,17.337561295071612,Safe ,
13.613738959435388,13.253187861458679,11.768051787427275,13.83689944023908,1.0868876767990567,1.0868876767990567,1.0868876767990567,1.2219650675267686,1.2219650675267686,1.2219650675267686,16.98787626987607,Safe ,
13.613738959435388,13.253187861458679,11.768051787427275,13.83689944023908,1.0868876767990567,1.0868876767990567,1.0868876767990567,1.2219650675267686,1.2219650675267686,1.2219650675267686,19.251563915738434,Safe ,
13.613738959435388,13.253187861458679,11.768051787427275,13.83689944023908,1.0868876767990567,1.0868876767990567,1.0868876767990567,1.2219650675267686,1.2219650675267686,1.2219650675267686,15.170274599604728,Safe ,
13.613738959435388,13.253187861458679,11.768051787427275,13.83689944023908,1.0868876767990567,1.0868876767990567,1.0868876767990567,1.2219650675267686,1.2219650675267686,1.2219650675267686,17.619388177853065,Safe ,
13.613738959435388,13.253187861458679,11.768051787427275,13.83689944023908,1.0868876767990567,1.0868876767990567,1.0868876767990567,1.2219650675267686,1.2219650675267686,1.2219650675267686,16.473986644192326,Safe ,
13.613738959435388,13.253187861458679,11.768051787427275,13.83689944023908,1.0868876767990567,1.0868876767990567,1.0868876767990567,1.2219650675267686,1.2219650675267686,1.2219650675267686,17.682871215378032,Safe ,
13.613738959435388,13.253187861458679,11.768051787427275,13.83689944023908,1.0868876767990567,1.0868876767990567,1.0868876767990567,1.2219650675267686,1.2219650675267686,1.2219650675267686,16.10396480888157,Safe ,
13.613738959435388,13.253187861458679,11.768051787427275,13.83689944023908,1.0868876767990567,1.0868876767990567,1.0868876767990567,1.2219650675267686,1.2219650675267686,1.2219650675267686,18.80298045666535,Safe ,
13.613738959435388,13.253187861458679,11.768051787427275,13.83689944023908,1.0868876767990567,1.0868876767990567,1.0868876767990567,1.2219650675267686,1.2219650675267686,1.2219650675267686,14.18494765130706,Safe ,
13.613738959435388,13.253187861458679,11.768051787427275,13.83689944023908,1.0868876767990567,1.0868876767990567,1.0868876767990567,1.2219650675267686,1.2219650675267686,1.2219650675267686,17.75291277897001,Safe ,
13.613738959435388,13.253187861458679,11.768051787427275,13.83689944023908,1.0868876767990567,1.0868876767990567,1.0868876767990567,1.2219650675267686,1.2219650675267686,1.2219650675267686,16.50031732199434,Safe ,
13.613738959435388,13.253187861458679,11.768051787427275,13.83689944023908,1.0868876767990567,1.0868876767990567,1.0868876767990567,1.2219650675267686,1.2219650675267686,1.2219650675267686,20.093056522412194,Safe ,
13.613738959435388,13.253187861458679,11.768051787427275,13.83689944023908,1.0868876767990567,1.0868876767990567,1.0868876767990567,1.2219650675267686,1.2219650675267686,1.2219650675267686,16.351266269608832,Safe ,
13.613738959435388,13.253187861458679,11.768051787427275,13.83689944023908,1.0868876767990567,1.0868876767990567,1.0868876767990567,1.2219650675267686,1.2219650675267686,1.2219650675267686,17.33333371387089,Safe ,
13.613738959435388,13.253187861458679,11.768051787427275,13.83689944023908,1.0868876767990567,1.0868876767990567,1.0868876767990567,1.2219650675267686,1.2219650675267686,1.2219650675267686,16.33349412572045,Safe ,
13.613738959435388,13.253187861458679,11.768051787427275,13.83689944023908,1.0868876767990567,1.0868876767990567,1.0868876767990567,1.2219650675267686,1.2219650675267686,1.2219650675267686,14.878424928239196,Safe ,
13.613738959435388,13.253187861458679,11.768051787427275,13.83689944023908,1.0868876767990567,1.0868876767990567,1.0868876767990567,1.2219650675267686,1.2219650675267686,1.2219650675267686,17.92279512876083,Safe ,
13.613738959435388,13.253187861458679,11.768051787427275,13.83689944023908,1.0868876767990567,1.0868876767990567,1.0868876767990567,1.2219650675267686,1.2219650675267686,1.2219650675267686,16.575253272950082,Safe ,
13.613738959435388,13.253187861458679,11.768051787427275,13.83689944023908,1.0868876767990567,1.0868876767990567,1.0868876767990567,1.2219650675267686,1.2219650675267686,1.2219650675267686,20.712987016480277,Safe ,
13.613738959435388,13.253187861458679,11.768051787427275,13.83689944023908,1.0868876767990567,1.0868876767990567,1.0868876767990567,1.2219650675267686,1.2219650675267686,1.2219650675267686,17.339548014608557,Safe ,
13.613738959435388,13.253187861458679,11.768051787427275,13.83689944023908,1.0868876767990567,1.0868876767990567,1.0868876767990567,1.2219650675267686,1.2219650675267686,1.2219650675267686,15.72325142482026,Safe ,
13.613738959435388,13.253187861458679,11.768051787427275,13.83689944023908,1.0868876767990567,1.0868876767990567,1.0868876767990567,1.2219650675267686,1.2219650675267686,1.2219650675267686,18.424985586387926,Safe ,
13.613738959435388,13.253187861458679,11.768051787427275,13.83689944023908,1.0868876767990567,1.0868876767990567,1.0868876767990567,1.2219650675267686,1.2219650675267686,1.2219650675267686,15.276815484935325,Safe ,
13.613738959435388,13.253187861458679,11.768051787427275,13.83689944023908,1.0868876767990567,1.0868876767990567,1.0868876767990567,1.2219650675267686,1.2219650675267686,1.2219650675267686,17.789196803088586,Safe ,
13.613738959435388,13.253187861458679,11.768051787427275,13.83689944023908,1.0868876767990567,1.0868876767990567,1.0868876767990567,1.2219650675267686,1.2219650675267686,1.2219650675267686,16.863388865852798,Safe ,
13.613738959435388,13.253187861458679,11.768051787427275,13.83689944023908,1.0868876767990567,1.0868876767990567,1.0868876767990567,1.2219650675267686,1.2219650675267686,1.2219650675267686,18.73332763715086,Safe ,
13.613738959435388,13.253187861458679,11.768051787427275,13.83689944023908,1.0868876767990567,1.0868876767990567,1.0868876767990567,1.2219650675267686,1.2219650675267686,1.2219650675267686,21.313067413409367,Safe ,
13.613738959435388,13.253187861458679,11.768051787427275,13.83689944023908,1.0868876767990567,1.0868876767990567,1.0868876767990567,1.2219650675267686,1.2219650675267686,1.2219650675267686,17.859112852832954,Safe ,
13.613738959435388,13.253187861458679,11.768051787427275,13.83689944023908,1.0868876767990567,1.0868876767990567,1.0868876767990567,1.2219650675267686,1.2219650675267686,1.2219650675267686,16.62211872562849,Safe ,
13.613738959435388,13.253187861458679,11.768051787427275,13.83689944023908,1.0868876767990567,1.0868876767990567,1.0868876767990567,1.2219650675267686,1.2219650675267686,1.2219650675267686,18.073364692694433,Safe ,
13.613738959435388,13.253187861458679,11.768051787427275,13.83689944023908,1.0868876767990567,1.0868876767990567,1.0868876767990567,1.2219650675267686,1.2219650675267686,1.2219650675267686,17.288978638620218,Safe ,
13.613738959435388,13.253187861458679,11.768051787427275,13.83689944023908,1.0868876767990567,1.0868876767990567,1.0868876767990567,1.2219650675267686,1.2219650675267686,1.2219650675267686,16.610761136323124,Safe ,
13.613738959435388,13.253187861458679,11.768051787427275,13.83689944023908,1.0868876767990567,1.0868876767990567,1.0868876767990567,1.2219650675267686,1.2219650675267686,1.2219650675267686,22.051450863670457,Safe ,
13.613738959435388,13.253187861458679,11.768051787427275,13.83689944023908,1.0868876767990567,1.0868876767990567,1.0868876767990567,1.2219650675267686,1.2219650675267686,1.2219650675267686,20.0905070069306,Safe ,
13.613738959435388,13.253187861458679,11.768051787427275,13.83689944023908,1.0868876767990567,1.0868876767990567,1.0868876767990567,1.2219650675267686,1.2219650675267686,1.2219650675267686,18.470379646191862,Safe ,
13.613738959435388,13.253187861458679,11.768051787427275,13.83689944023908,1.0868876767990567,1.0868876767990567,1.0868876767990567,1.2219650675267686,1.2219650675267686,1.2219650675267686,17.12068445280343,Safe ,
13.613738959435388,13.253187861458679,11.768051787427275,13.83689944023908,1.0868876767990567,1.0868876767990567,1.0868876767990567,1.2219650675267686,1.2219650675267686,1.2219650675267686,17.548637258394184,Safe ,
13.613738959435388,13.253187861458679,11.768051787427275,13.83689944023908,1.0868876767990567,1.0868876767990567,1.0868876767990567,1.2219650675267686,1.2219650675267686,1.2219650675267686,17.961249914253663,Safe ,
13.613738959435388,13.253187861458679,11.768051787427275,13.83689944023908,1.0868876767990567,1.0868876767990567,1.0868876767990567,1.2219650675267686,1.2219650675267686,1.2219650675267686,20.22133325978606,Safe ,
13.613738959435388,13.253187861458679,11.768051787427275,13.83689944023908,1.0868876767990567,1.0868876767990567,1.0868876767990567,1.2219650675267686,1.2219650675267686,1.2219650675267686,16.772222409673322,Safe ,
13.613738959435388,13.253187861458679,11.768051787427275,13.83689944023908,1.0868876767990567,1.0868876767990567,1.0868876767990567,1.2219650675267686,1.2219650675267686,1.2219650675267686,17.76600848985167,Safe ,
13.613738959435388,13.253187861458679,11.768051787427275,13.83689944023908,1.0868876767990567,1.0868876767990567,1.0868876767990567,1.2219650675267686,1.2219650675267686,1.2219650675267686,18.535577848421863,Safe ,
13.613738959435388,13.253187861458679,11.768051787427275,13.83689944023908,1.0868876767990567,1.0868876767990567,1.0868876767990567,1.2219650675267686,1.2219650675267686,1.2219650675267686,20.23052837013788,Safe ,
13.613738959435388,13.253187861458679,11.768051787427275,13.83689944023908,1.0868876767990567,1.0868876767990567,1.0868876767990567,1.2219650675267686,1.2219650675267686,1.2219650675267686,16.745668570191402,Safe ,
13.613738959435388,13.253187861458679,11.768051787427275,13.83689944023908,1.0868876767990567,1.0868876767990567,1.0868876767990567,1.2219650675267686,1.2219650675267686,1.2219650675267686,17.6207360545553,Safe ,
13.613738959435388,13.253187861458679,11.768051787427275,13.83689944023908,1.0868876767990567,1.0868876767990567,1.0868876767990567,1.2219650675267686,1.2219650675267686,1.2219650675267686,19.559626958149867,Safe ,
13.613738959435388,13.253187861458679,11.768051787427275,13.83689944023908,1.0868876767990567,1.0868876767990567,1.0868876767990567,1.2219650675267686,1.2219650675267686,1.2219650675267686,17.6000160248885,Safe ,
13.613738959435388,13.253187861458679,11.768051787427275,13.83689944023908,1.0868876767990567,1.0868876767990567,1.0868876767990567,1.2219650675267686,1.2219650675267686,1.2219650675267686,16.91192323480248,Safe ,
13.613738959435388,13.253187861458679,11.768051787427275,13.83689944023908,1.0868876767990567,1.0868876767990567,1.0868876767990567,1.2219650675267686,1.2219650675267686,1.2219650675267686,20.65565471818121,Safe ,
13.613738959435388,13.253187861458679,11.768051787427275,13.83689944023908,1.0868876767990567,1.0868876767990567,1.0868876767990567,1.2219650675267686,1.2219650675267686,1.2219650675267686,20.333753166511897,Safe ,
13.613738959435388,13.253187861458679,11.768051787427275,13.83689944023908,1.0868876767990567,1.0868876767990567,1.0868876767990567,1.2219650675267686,1.2219650675267686,1.2219650675267686,16.8453249775506,Safe ,
13.613738959435388,13.253187861458679,11.768051787427275,13.83689944023908,1.0868876767990567,1.0868876767990567,1.0868876767990567,1.2219650675267686,1.2219650675267686,1.2219650675267686,16.71166637491506,Safe ,
13.613738959435388,13.253187861458679,11.768051787427275,13.83689944023908,1.0868876767990567,1.0868876767990567,1.0868876767990567,1.2219650675267686,1.2219650675267686,1.2219650675267686,18.9826737191457,Safe ,
13.613738959435388,13.253187861458679,11.768051787427275,13.83689944023908,1.0868876767990567,1.0868876767990567,1.0868876767990567,1.2219650675267686,1.2219650675267686,1.2219650675267686,17.361977241359646,Safe ,
13.613738959435388,13.253187861458679,11.768051787427275,13.83689944023908,1.0868876767990567,1.0868876767990567,1.0868876767990567,1.2219650675267686,1.2219650675267686,1.2219650675267686,16.304768847178366,Safe ,
13.613738959435388,13.253187861458679,11.768051787427275,13.83689944023908,1.0868876767990567,1.0868876767990567,1.0868876767990567,1.2219650675267686,1.2219650675267686,1.2219650675267686,16.361240846739904,Safe ,
13.613738959435388,13.253187861458679,11.768051787427275,13.83689944023908,1.0868876767990567,1.0868876767990567,1.0868876767990567,1.2219650675267686,1.2219650675267686,1.2219650675267686,18.75113792013724,Safe ,
13.613738959435388,13.253187861458679,11.768051787427275,13.83689944023908,1.0868876767990567,1.0868876767990567,1.0868876767990567,1.2219650675267686,1.2219650675267686,1.2219650675267686,17.28787475573032,Safe ,
13.613738959435388,13.253187861458679,11.768051787427275,13.83689944023908,1.0868876767990567,1.0868876767990567,1.0868876767990567,1.2219650675267686,1.2219650675267686,1.2219650675267686,17.29921478504401,Safe ,
13.613738959435388,13.253187861458679,11.768051787427275,13.83689944023908,1.0868876767990567,1.0868876767990567,1.0868876767990567,1.2219650675267686,1.2219650675267686,1.2219650675267686,16.9573614486508,Safe ,
13.613738959435388,13.253187861458679,11.768051787427275,13.83689944023908,1.0868876767990567,1.0868876767990567,1.0868876767990567,1.2219650675267686,1.2219650675267686,1.2219650675267686,16.507466886237953,Safe ,
13.613738959435388,13.253187861458679,11.768051787427275,13.83689944023908,1.0868876767990567,1.0868876767990567,1.0868876767990567,1.2219650675267686,1.2219650675267686,1.2219650675267686,14.035392606720773,Safe ,
13.613738959435388,13.253187861458679,11.768051787427275,13.83689944023908,1.0868876767990567,1.0868876767990567,1.0868876767990567,1.2219650675267686,1.2219650675267686,1.2219650675267686,14.778423348073385,Safe ,
13.613738959435388,13.253187861458679,11.768051787427275,13.83689944023908,1.0868876767990567,1.0868876767990567,1.0868876767990567,1.2219650675267686,1.2219650675267686,1.2219650675267686,17.31374205324317,Safe ,
13.613738959435388,13.253187861458679,11.768051787427275,13.83689944023908,1.0868876767990567,1.0868876767990567,1.0868876767990567,1.2219650675267686,1.2219650675267686,1.2219650675267686,19.80796602143405,Safe ,
13.613738959435388,13.253187861458679,11.768051787427275,13.83689944023908,1.0868876767990567,1.0868876767990567,1.0868876767990567,1.2219650675267686,1.2219650675267686,1.2219650675267686,18.906262532676255,Safe ,
13.613738959435388,13.253187861458679,11.768051787427275,13.83689944023908,1.0868876767990567,1.0868876767990567,1.0868876767990567,1.2219650675267686,1.2219650675267686,1.2219650675267686,17.83217522916055,Safe ,
13.613738959435388,13.253187861458679,11.768051787427275,13.83689944023908,1.0868876767990567,1.0868876767990567,1.0868876767990567,1.2219650675267686,1.2219650675267686,1.2219650675267686,13.366770836559395,Fail ,
13.613738959435388,13.253187861458679,11.768051787427275,13.83689944023908,1.0868876767990567,1.0868876767990567,1.0868876767990567,1.2219650675267686,1.2219650675267686,1.2219650675267686,17.231137043110223,Safe ,
13.613738959435388,13.253187861458679,11.768051787427275,13.83689944023908,1.0868876767990567,1.0868876767990567,1.0868876767990567,1.2219650675267686,1.2219650675267686,1.2219650675267686,17.457116768699688,Safe ,
13.613738959435388,13.253187861458679,11.768051787427275,13.83689944023908,1.0868876767990567,1.0868876767990567,1.0868876767990567,1.2219650675267686,1.2219650675267686,1.2219650675267686,19.03430667204432,Safe ,
13.613738959435388,13.253187861458679,11.768051787427275,13.83689944023908,1.0868876767990567,1.0868876767990567,1.0868876767990567,1.2219650675267686,1.2219650675267686,1.2219650675267686,16.14214384816419,Safe ,
13.613738959435388,13.253187861458679,11.768051787427275,13.83689944023908,1.0868876767990567,1.0868876767990567,1.0868876767990567,1.2219650675267686,1.2219650675267686,1.2219650675267686,15.900124251230125,Safe ,
13.613738959435388,13.253187861458679,11.768051787427275,13.83689944023908,1.0868876767990567,1.0868876767990567,1.0868876767990567,1.2219650675267686,1.2219650675267686,1.2219650675267686,15.865839115902322,Safe ,
13.613738959435388,13.253187861458679,11.768051787427275,13.83689944023908,1.0868876767990567,1.0868876767990567,1.0868876767990567,1.2219650675267686,1.2219650675267686,1.2219650675267686,16.985602046403745,Safe ,
13.613738959435388,13.253187861458679,11.768051787427275,13.83689944023908,1.0868876767990567,1.0868876767990567,1.0868876767990567,1.2219650675267686,1.2219650675267686,1.2219650675267686,19.14442937700019,Safe ,
13.613738959435388,13.253187861458679,11.768051787427275,13.83689944023908,1.0868876767990567,1.0868876767990567,1.0868876767990567,1.2219650675267686,1.2219650675267686,1.2219650675267686,18.350410644824464,Safe ,
13.613738959435388,13.253187861458679,11.768051787427275,13.83689944023908,1.0868876767990567,1.0868876767990567,1.0868876767990567,1.2219650675267686,1.2219650675267686,1.2219650675267686,17.754629457505715,Safe ,
13.613738959435388,13.253187861458679,11.768051787427275,13.83689944023908,1.0868876767990567,1.0868876767990567,1.0868876767990567,1.2219650675267686,1.2219650675267686,1.2219650675267686,17.94288238457515,Safe ,
13.613738959435388,13.253187861458679,11.768051787427275,13.83689944023908,1.0868876767990567,1.0868876767990567,1.0868876767990567,1.2219650675267686,1.2219650675267686,1.2219650675267686,17.25391164455855,Safe ,
13.613738959435388,13.253187861458679,11.768051787427275,13.83689944023908,1.0868876767990567,1.0868876767990567,1.0868876767990567,1.2219650675267686,1.2219650675267686,1.2219650675267686,17.535901428903443,Safe ,
13.613738959435388,13.253187861458679,11.768051787427275,13.83689944023908,1.0868876767990567,1.0868876767990567,1.0868876767990567,1.2219650675267686,1.2219650675267686,1.2219650675267686,19.164634841638286,Safe ,
13.613738959435388,13.253187861458679,11.768051787427275,13.83689944023908,1.0868876767990567,1.0868876767990567,1.0868876767990567,1.2219650675267686,1.2219650675267686,1.2219650675267686,16.433118989522747,Safe ,
13.613738959435388,13.253187861458679,11.768051787427275,13.83689944023908,1.0868876767990567,1.0868876767990567,1.0868876767990567,1.2219650675267686,1.2219650675267686,1.2219650675267686,19.37167843369137,Safe ,
13.613738959435388,13.253187861458679,11.768051787427275,13.83689944023908,1.0868876767990567,1.0868876767990567,1.0868876767990567,1.2219650675267686,1.2219650675267686,1.2219650675267686,16.16125027842263,Safe ,
13.613738959435388,13.253187861458679,11.768051787427275,13.83689944023908,1.0868876767990567,1.0868876767990567,1.0868876767990567,1.2219650675267686,1.2219650675267686,1.2219650675267686,17.58367537447997,Safe ,
13.613738959435388,13.253187861458679,11.768051787427275,13.83689944023908,1.0868876767990567,1.0868876767990567,1.0868876767990567,1.2219650675267686,1.2219650675267686,1.2219650675267686,19.292818255988227,Safe ,
13.613738959435388,13.253187861458679,11.768051787427275,13.83689944023908,1.0868876767990567,1.0868876767990567,1.0868876767990567,1.2219650675267686,1.2219650675267686,1.2219650675267686,14.534509496652252,Safe ,
13.613738959435388,13.253187861458679,11.768051787427275,13.83689944023908,1.0868876767990567,1.0868876767990567,1.0868876767990567,1.2219650675267686,1.2219650675267686,1.2219650675267686,18.00066271122761,Safe ,
13.613738959435388,13.253187861458679,11.768051787427275,13.83689944023908,1.0868876767990567,1.0868876767990567,1.0868876767990567,1.2219650675267686,1.2219650675267686,1.2219650675267686,20.357282087300216,Safe ,
13.613738959435388,13.253187861458679,11.768051787427275,13.83689944023908,1.0868876767990567,1.0868876767990567,1.0868876767990567,1.2219650675267686,1.2219650675267686,1.2219650675267686,20.55129077186366,Safe ,
13.613738959435388,13.253187861458679,11.768051787427275,13.83689944023908,1.0868876767990567,1.0868876767990567,1.0868876767990567,1.2219650675267686,1.2219650675267686,1.2219650675267686,17.728962110579516,Safe ,
13.613738959435388,13.253187861458679,11.768051787427275,13.83689944023908,1.0868876767990567,1.0868876767990567,1.0868876767990567,1.2219650675267686,1.2219650675267686,1.2219650675267686,19.753031164390755,Safe ,
13.613738959435388,13.253187861458679,11.768051787427275,13.83689944023908,1.0868876767990567,1.0868876767990567,1.0868876767990567,1.2219650675267686,1.2219650675267686,1.2219650675267686,16.724486300897894,Safe ,
13.613738959435388,13.253187861458679,11.768051787427275,13.83689944023908,1.0868876767990567,1.0868876767990567,1.0868876767990567,1.2219650675267686,1.2219650675267686,1.2219650675267686,16.162866958216167,Safe ,
13.613738959435388,13.253187861458679,11.768051787427275,13.83689944023908,1.0868876767990567,1.0868876767990567,1.0868876767990567,1.2219650675267686,1.2219650675267686,1.2219650675267686,15.175755625639066,Safe ,
13.613738959435388,13.253187861458679,11.768051787427275,13.83689944023908,1.0868876767990567,1.0868876767990567,1.0868876767990567,1.2219650675267686,1.2219650675267686,1.2219650675267686,15.663832084071313,Safe ,
13.613738959435388,13.253187861458679,11.768051787427275,13.83689944023908,1.0868876767990567,1.0868876767990567,1.0868876767990567,1.2219650675267686,1.2219650675267686,1.2219650675267686,18.80749652871798,Safe ,
13.613738959435388,13.253187861458679,11.768051787427275,13.83689944023908,1.0868876767990567,1.0868876767990567,1.0868876767990567,1.2219650675267686,1.2219650675267686,1.2219650675267686,17.86677343889556,Safe ,
13.613738959435388,13.253187861458679,11.768051787427275,13.83689944023908,1.0868876767990567,1.0868876767990567,1.0868876767990567,1.2219650675267686,1.2219650675267686,1.2219650675267686,17.651894492522725,Safe ,
13.613738959435388,13.253187861458679,11.768051787427275,13.83689944023908,1.0868876767990567,1.0868876767990567,1.0868876767990567,1.2219650675267686,1.2219650675267686,1.2219650675267686,17.867958755216232,Safe ,
13.613738959435388,13.253187861458679,11.768051787427275,13.83689944023908,1.0868876767990567,1.0868876767990567,1.0868876767990567,1.2219650675267686,1.2219650675267686,1.2219650675267686,18.38010329600483,Safe ,
13.613738959435388,13.253187861458679,11.768051787427275,13.83689944023908,1.0868876767990567,1.0868876767990567,1.0868876767990567,1.2219650675267686,1.2219650675267686,1.2219650675267686,17.038683152928613,Safe ,
13.613738959435388,13.253187861458679,11.768051787427275,13.83689944023908,1.0868876767990567,1.0868876767990567,1.0868876767990567,1.2219650675267686,1.2219650675267686,1.2219650675267686,15.982551444748857,Safe ,
13.613738959435388,13.253187861458679,11.768051787427275,13.83689944023908,1.0868876767990567,1.0868876767990567,1.0868876767990567,1.2219650675267686,1.2219650675267686,1.2219650675267686,17.636037847214087,Safe ,
13.613738959435388,13.253187861458679,11.768051787427275,13.83689944023908,1.0868876767990567,1.0868876767990567,1.0868876767990567,1.2219650675267686,1.2219650675267686,1.2219650675267686,18.718565190136783,Safe ,
13.613738959435388,13.253187861458679,11.768051787427275,13.83689944023908,1.0868876767990567,1.0868876767990567,1.0868876767990567,1.2219650675267686,1.2219650675267686,1.2219650675267686,17.89792321289549,Safe ,
13.613738959435388,13.253187861458679,11.768051787427275,13.83689944023908,1.0868876767990567,1.0868876767990567,1.0868876767990567,1.2219650675267686,1.2219650675267686,1.2219650675267686,19.577114066870443,Safe ,
13.613738959435388,13.253187861458679,11.768051787427275,13.83689944023908,1.0868876767990567,1.0868876767990567,1.0868876767990567,1.2219650675267686,1.2219650675267686,1.2219650675267686,18.48794914801473,Safe ,
13.613738959435388,13.253187861458679,11.768051787427275,13.83689944023908,1.0868876767990567,1.0868876767990567,1.0868876767990567,1.2219650675267686,1.2219650675267686,1.2219650675267686,15.191672171582901,Safe ,
13.613738959435388,13.253187861458679,11.768051787427275,13.83689944023908,1.0868876767990567,1.0868876767990567,1.0868876767990567,1.2219650675267686,1.2219650675267686,1.2219650675267686,17.381529194182498,Safe ,
13.613738959435388,13.253187861458679,11.768051787427275,13.83689944023908,1.0868876767990567,1.0868876767990567,1.0868876767990567,1.2219650675267686,1.2219650675267686,1.2219650675267686,16.82442740732086,Safe ,
13.613738959435388,13.253187861458679,11.768051787427275,13.83689944023908,1.0868876767990567,1.0868876767990567,1.0868876767990567,1.2219650675267686,1.2219650675267686,1.2219650675267686,18.588774433638825,Safe ,
13.613738959435388,13.253187861458679,11.768051787427275,13.83689944023908,1.0868876767990567,1.0868876767990567,1.0868876767990567,1.2219650675267686,1.2219650675267686,1.2219650675267686,16.505119818273663,Safe ,
13.613738959435388,13.253187861458679,11.768051787427275,13.83689944023908,1.0868876767990567,1.0868876767990567,1.0868876767990567,1.2219650675267686,1.2219650675267686,1.2219650675267686,19.603523836992093,Safe ,
13.613738959435388,13.253187861458679,11.768051787427275,13.83689944023908,1.0868876767990567,1.0868876767990567,1.0868876767990567,1.2219650675267686,1.2219650675267686,1.2219650675267686,17.74727110817014,Safe ,
13.613738959435388,13.253187861458679,11.768051787427275,13.83689944023908,1.0868876767990567,1.0868876767990567,1.0868876767990567,1.2219650675267686,1.2219650675267686,1.2219650675267686,17.715197606288093,Safe ,
13.613738959435388,13.253187861458679,11.768051787427275,13.83689944023908,1.0868876767990567,1.0868876767990567,1.0868876767990567,1.2219650675267686,1.2219650675267686,1.2219650675267686,18.727039004271163,Safe ,
13.613738959435388,13.253187861458679,11.768051787427275,13.83689944023908,1.0868876767990567,1.0868876767990567,1.0868876767990567,1.2219650675267686,1.2219650675267686,1.2219650675267686,18.29424526509723,Safe ,
13.613738959435388,13.253187861458679,11.768051787427275,13.83689944023908,1.0868876767990567,1.0868876767990567,1.0868876767990567,1.2219650675267686,1.2219650675267686,1.2219650675267686,15.990740251890974,Safe ,
13.613738959435388,13.253187861458679,11.768051787427275,13.83689944023908,1.0868876767990567,1.0868876767990567,1.0868876767990567,1.2219650675267686,1.2219650675267686,1.2219650675267686,17.94134950370269,Safe ,
13.613738959435388,13.253187861458679,11.768051787427275,13.83689944023908,1.0868876767990567,1.0868876767990567,1.0868876767990567,1.2219650675267686,1.2219650675267686,1.2219650675267686,17.108166321416764,Safe ,
13.613738959435388,13.253187861458679,11.768051787427275,13.83689944023908,1.0868876767990567,1.0868876767990567,1.0868876767990567,1.2219650675267686,1.2219650675267686,1.2219650675267686,15.885214654676009,Safe ,
13.613738959435388,13.253187861458679,11.768051787427275,13.83689944023908,1.0868876767990567,1.0868876767990567,1.0868876767990567,1.2219650675267686,1.2219650675267686,1.2219650675267686,17.69323690550678,Safe ,
13.613738959435388,13.253187861458679,11.768051787427275,13.83689944023908,1.0868876767990567,1.0868876767990567,1.0868876767990567,1.2219650675267686,1.2219650675267686,1.2219650675267686,18.219313213245098,Safe ,
13.613738959435388,13.253187861458679,11.768051787427275,13.83689944023908,1.0868876767990567,1.0868876767990567,1.0868876767990567,1.2219650675267686,1.2219650675267686,1.2219650675267686,16.063053455122226,Safe ,
13.613738959435388,13.253187861458679,11.768051787427275,13.83689944023908,1.0868876767990567,1.0868876767990567,1.0868876767990567,1.2219650675267686,1.2219650675267686,1.2219650675267686,15.861681120132092,Safe ,
13.613738959435388,13.253187861458679,11.768051787427275,13.83689944023908,1.0868876767990567,1.0868876767990567,1.0868876767990567,1.2219650675267686,1.2219650675267686,1.2219650675267686,16.580238739877377,Safe ,
13.613738959435388,13.253187861458679,11.768051787427275,13.83689944023908,1.0868876767990567,1.0868876767990567,1.0868876767990567,1.2219650675267686,1.2219650675267686,1.2219650675267686,17.811582237394077,Safe ,
13.613738959435388,13.253187861458679,11.768051787427275,13.83689944023908,1.0868876767990567,1.0868876767990567,1.0868876767990567,1.2219650675267686,1.2219650675267686,1.2219650675267686,19.358168399308823,Safe ,
13.613738959435388,13.253187861458679,11.768051787427275,13.83689944023908,1.0868876767990567,1.0868876767990567,1.0868876767990567,1.2219650675267686,1.2219650675267686,1.2219650675267686,19.09050105771418,Safe ,
13.613738959435388,13.253187861458679,11.768051787427275,13.83689944023908,1.0868876767990567,1.0868876767990567,1.0868876767990567,1.2219650675267686,1.2219650675267686,1.2219650675267686,19.127110896502483,Safe ,
13.613738959435388,13.253187861458679,11.768051787427275,13.83689944023908,1.0868876767990567,1.0868876767990567,1.0868876767990567,1.2219650675267686,1.2219650675267686,1.2219650675267686,17.241713138413402,Safe ,
13.613738959435388,13.253187861458679,11.768051787427275,13.83689944023908,1.0868876767990567,1.0868876767990567,1.0868876767990567,1.2219650675267686,1.2219650675267686,1.2219650675267686,18.94761688391174,Safe ,
13.613738959435388,13.253187861458679,11.768051787427275,13.83689944023908,1.0868876767990567,1.0868876767990567,1.0868876767990567,1.2219650675267686,1.2219650675267686,1.2219650675267686,19.208902134763942,Safe ,
13.613738959435388,13.253187861458679,11.768051787427275,13.83689944023908,1.0868876767990567,1.0868876767990567,1.0868876767990567,1.2219650675267686,1.2219650675267686,1.2219650675267686,16.7058737288101,Safe ,
13.613738959435388,13.253187861458679,11.768051787427275,13.83689944023908,1.0868876767990567,1.0868876767990567,1.0868876767990567,1.2219650675267686,1.2219650675267686,1.2219650675267686,16.24676280177772,Safe ,
13.613738959435388,13.253187861458679,11.768051787427275,13.83689944023908,1.0868876767990567,1.0868876767990567,1.0868876767990567,1.2219650675267686,1.2219650675267686,1.2219650675267686,19.98978572472372,Safe ,
13.613738959435388,13.253187861458679,11.768051787427275,13.83689944023908,1.0868876767990567,1.0868876767990567,1.0868876767990567,1.2219650675267686,1.2219650675267686,1.2219650675267686,15.236660116518115,Safe ,
13.613738959435388,13.253187861458679,11.768051787427275,13.83689944023908,1.0868876767990567,1.0868876767990567,1.0868876767990567,1.2219650675267686,1.2219650675267686,1.2219650675267686,16.545223814857618,Safe ,
13.613738959435388,13.253187861458679,11.768051787427275,13.83689944023908,1.0868876767990567,1.0868876767990567,1.0868876767990567,1.2219650675267686,1.2219650675267686,1.2219650675267686,17.256298703036045,Safe ,
13.613738959435388,13.253187861458679,11.768051787427275,13.83689944023908,1.0868876767990567,1.0868876767990567,1.0868876767990567,1.2219650675267686,1.2219650675267686,1.2219650675267686,17.165315827920537,Safe ,
13.613738959435388,13.253187861458679,11.768051787427275,13.83689944023908,1.0868876767990567,1.0868876767990567,1.0868876767990567,1.2219650675267686,1.2219650675267686,1.2219650675267686,20.681350646016973,Safe ,
13.613738959435388,13.253187861458679,11.768051787427275,13.83689944023908,1.0868876767990567,1.0868876767990567,1.0868876767990567,1.2219650675267686,1.2219650675267686,1.2219650675267686,15.372876725840733,Safe ,
13.613738959435388,13.253187861458679,11.768051787427275,13.83689944023908,1.0868876767990567,1.0868876767990567,1.0868876767990567,1.2219650675267686,1.2219650675267686,1.2219650675267686,17.215964101405454,Safe ,
13.613738959435388,13.253187861458679,11.768051787427275,13.83689944023908,1.0868876767990567,1.0868876767990567,1.0868876767990567,1.2219650675267686,1.2219650675267686,1.2219650675267686,16.09936847049904,Safe ,
13.613738959435388,13.253187861458679,11.768051787427275,13.83689944023908,1.0868876767990567,1.0868876767990567,1.0868876767990567,1.2219650675267686,1.2219650675267686,1.2219650675267686,19.375240188011897,Safe ,
13.613738959435388,13.253187861458679,11.768051787427275,13.83689944023908,1.0868876767990567,1.0868876767990567,1.0868876767990567,1.2219650675267686,1.2219650675267686,1.2219650675267686,17.79715561942547,Safe ,
13.613738959435388,13.253187861458679,11.768051787427275,13.83689944023908,1.0868876767990567,1.0868876767990567,1.0868876767990567,1.2219650675267686,1.2219650675267686,1.2219650675267686,15.953233189847843,Safe ,
13.613738959435388,13.253187861458679,11.768051787427275,13.83689944023908,1.0868876767990567,1.0868876767990567,1.0868876767990567,1.2219650675267686,1.2219650675267686,1.2219650675267686,18.739966437241858,Safe ,
13.613738959435388,13.253187861458679,11.768051787427275,13.83689944023908,1.0868876767990567,1.0868876767990567,1.0868876767990567,1.2219650675267686,1.2219650675267686,1.2219650675267686,17.97307356435743,Safe ,
13.613738959435388,13.253187861458679,11.768051787427275,13.83689944023908,1.0868876767990567,1.0868876767990567,1.0868876767990567,1.2219650675267686,1.2219650675267686,1.2219650675267686,20.925013672360688,Safe ,
13.613738959435388,13.253187861458679,11.768051787427275,13.83689944023908,1.0868876767990567,1.0868876767990567,1.0868876767990567,1.2219650675267686,1.2219650675267686,1.2219650675267686,19.352468582221377,Safe ,
13.613738959435388,13.253187861458679,11.768051787427275,13.83689944023908,1.0868876767990567,1.0868876767990567,1.0868876767990567,1.2219650675267686,1.2219650675267686,1.2219650675267686,17.309525672059294,Safe ,
13.613738959435388,13.253187861458679,11.768051787427275,13.83689944023908,1.0868876767990567,1.0868876767990567,1.0868876767990567,1.2219650675267686,1.2219650675267686,1.2219650675267686,16.455834413255396,Safe ,
13.613738959435388,13.253187861458679,11.768051787427275,13.83689944023908,1.0868876767990567,1.0868876767990567,1.0868876767990567,1.2219650675267686,1.2219650675267686,1.2219650675267686,18.20283317785168,Safe ,
13.613738959435388,13.253187861458679,11.768051787427275,13.83689944023908,1.0868876767990567,1.0868876767990567,1.0868876767990567,1.2219650675267686,1.2219650675267686,1.2219650675267686,19.586392345219902,Safe ,
13.613738959435388,13.253187861458679,11.768051787427275,13.83689944023908,1.0868876767990567,1.0868876767990567,1.0868876767990567,1.2219650675267686,1.2219650675267686,1.2219650675267686,18.325294872759184,Safe ,
13.613738959435388,13.253187861458679,11.768051787427275,13.83689944023908,1.0868876767990567,1.0868876767990567,1.0868876767990567,1.2219650675267686,1.2219650675267686,1.2219650675267686,19.42364010340547,Safe ,
13.613738959435388,13.253187861458679,11.768051787427275,13.83689944023908,1.0868876767990567,1.0868876767990567,1.0868876767990567,1.2219650675267686,1.2219650675267686,1.2219650675267686,17.214398768614338,Safe ,
13.613738959435388,13.253187861458679,11.768051787427275,13.83689944023908,1.0868876767990567,1.0868876767990567,1.0868876767990567,1.2219650675267686,1.2219650675267686,1.2219650675267686,18.524666107388786,Safe ,
13.613738959435388,13.253187861458679,11.768051787427275,13.83689944023908,1.0868876767990567,1.0868876767990567,1.0868876767990567,1.2219650675267686,1.2219650675267686,1.2219650675267686,16.57397275073214,Safe ,
13.613738959435388,13.253187861458679,11.768051787427275,13.83689944023908,1.0868876767990567,1.0868876767990567,1.0868876767990567,1.2219650675267686,1.2219650675267686,1.2219650675267686,18.640606514228182,Safe ,
13.613738959435388,13.253187861458679,11.768051787427275,13.83689944023908,1.0868876767990567,1.0868876767990567,1.0868876767990567,1.2219650675267686,1.2219650675267686,1.2219650675267686,20.446419753778745,Safe ,
13.613738959435388,13.253187861458679,11.768051787427275,13.83689944023908,1.0868876767990567,1.0868876767990567,1.0868876767990567,1.2219650675267686,1.2219650675267686,1.2219650675267686,19.614025332436544,Safe ,
13.613738959435388,13.253187861458679,11.768051787427275,13.83689944023908,1.0868876767990567,1.0868876767990567,1.0868876767990567,1.2219650675267686,1.2219650675267686,1.2219650675267686,16.426751660244907,Safe ,
13.613738959435388,13.253187861458679,11.768051787427275,13.83689944023908,1.0868876767990567,1.0868876767990567,1.0868876767990567,1.2219650675267686,1.2219650675267686,1.2219650675267686,18.531951750254823,Safe ,
13.613738959435388,13.253187861458679,11.768051787427275,13.83689944023908,1.0868876767990567,1.0868876767990567,1.0868876767990567,1.2219650675267686,1.2219650675267686,1.2219650675267686,18.40460456504264,Safe ,
13.613738959435388,13.253187861458679,11.768051787427275,13.83689944023908,1.0868876767990567,1.0868876767990567,1.0868876767990567,1.2219650675267686,1.2219650675267686,1.2219650675267686,15.694569266909813,Safe ,
13.613738959435388,13.253187861458679,11.768051787427275,13.83689944023908,1.0868876767990567,1.0868876767990567,1.0868876767990567,1.2219650675267686,1.2219650675267686,1.2219650675267686,16.79719712537877,Safe ,
13.613738959435388,13.253187861458679,11.768051787427275,13.83689944023908,1.0868876767990567,1.0868876767990567,1.0868876767990567,1.2219650675267686,1.2219650675267686,1.2219650675267686,16.55024375847939,Safe ,
13.613738959435388,13.253187861458679,11.768051787427275,13.83689944023908,1.0868876767990567,1.0868876767990567,1.0868876767990567,1.2219650675267686,1.2219650675267686,1.2219650675267686,14.839129271606202,Safe ,
13.613738959435388,13.253187861458679,11.768051787427275,13.83689944023908,1.0868876767990567,1.0868876767990567,1.0868876767990567,1.2219650675267686,1.2219650675267686,1.2219650675267686,20.155431620472257,Safe ,
13.613738959435388,13.253187861458679,11.768051787427275,13.83689944023908,1.0868876767990567,1.0868876767990567,1.0868876767990567,1.2219650675267686,1.2219650675267686,1.2219650675267686,17.12449453328142,Safe ,
13.613738959435388,13.253187861458679,11.768051787427275,13.83689944023908,1.0868876767990567,1.0868876767990567,1.0868876767990567,1.2219650675267686,1.2219650675267686,1.2219650675267686,19.55413834013526,Safe ,
13.613738959435388,13.253187861458679,11.768051787427275,13.83689944023908,1.0868876767990567,1.0868876767990567,1.0868876767990567,1.2219650675267686,1.2219650675267686,1.2219650675267686,17.08382828597409,Safe ,
13.613738959435388,13.253187861458679,11.768051787427275,13.83689944023908,1.0868876767990567,1.0868876767990567,1.0868876767990567,1.2219650675267686,1.2219650675267686,1.2219650675267686,16.47780468416115,Safe ,
13.613738959435388,13.253187861458679,11.768051787427275,13.83689944023908,1.0868876767990567,1.0868876767990567,1.0868876767990567,1.2219650675267686,1.2219650675267686,1.2219650675267686,15.460035187509426,Safe ,
13.613738959435388,13.253187861458679,11.768051787427275,13.83689944023908,1.0868876767990567,1.0868876767990567,1.0868876767990567,1.2219650675267686,1.2219650675267686,1.2219650675267686,20.913404497646475,Safe ,
13.613738959435388,13.253187861458679,11.768051787427275,13.83689944023908,1.0868876767990567,1.0868876767990567,1.0868876767990567,1.2219650675267686,1.2219650675267686,1.2219650675267686,15.195161108154815,Safe ,
13.613738959435388,13.253187861458679,11.768051787427275,13.83689944023908,1.0868876767990567,1.0868876767990567,1.0868876767990567,1.2219650675267686,1.2219650675267686,1.2219650675267686,14.372448876241002,Safe ,
13.613738959435388,13.253187861458679,11.768051787427275,13.83689944023908,1.0868876767990567,1.0868876767990567,1.0868876767990567,1.2219650675267686,1.2219650675267686,1.2219650675267686,15.158958125072592,Safe ,
13.613738959435388,13.253187861458679,11.768051787427275,13.83689944023908,1.0868876767990567,1.0868876767990567,1.0868876767990567,1.2219650675267686,1.2219650675267686,1.2219650675267686,17.04752740714276,Safe ,
13.613738959435388,13.253187861458679,11.768051787427275,13.83689944023908,1.0868876767990567,1.0868876767990567,1.0868876767990567,1.2219650675267686,1.2219650675267686,1.2219650675267686,16.29250331172906,Safe ,
13.613738959435388,13.253187861458679,11.768051787427275,13.83689944023908,1.0868876767990567,1.0868876767990567,1.0868876767990567,1.2219650675267686,1.2219650675267686,1.2219650675267686,17.040853855383528,Safe ,
13.613738959435388,13.253187861458679,11.768051787427275,13.83689944023908,1.0868876767990567,1.0868876767990567,1.0868876767990567,1.2219650675267686,1.2219650675267686,1.2219650675267686,16.89161891484575,Safe ,
13.613738959435388,13.253187861458679,11.768051787427275,13.83689944023908,1.0868876767990567,1.0868876767990567,1.0868876767990567,1.2219650675267686,1.2219650675267686,1.2219650675267686,17.390613908766557,Safe ,
13.613738959435388,13.253187861458679,11.768051787427275,13.83689944023908,1.0868876767990567,1.0868876767990567,1.0868876767990567,1.2219650675267686,1.2219650675267686,1.2219650675267686,20.871161231663407,Safe ,
13.613738959435388,13.253187861458679,11.768051787427275,13.83689944023908,1.0868876767990567,1.0868876767990567,1.0868876767990567,1.2219650675267686,1.2219650675267686,1.2219650675267686,17.5807072167297,Safe ,
13.613738959435388,13.253187861458679,11.768051787427275,13.83689944023908,1.0868876767990567,1.0868876767990567,1.0868876767990567,1.2219650675267686,1.2219650675267686,1.2219650675267686,18.45907209527241,Safe ,
13.613738959435388,13.253187861458679,11.768051787427275,13.83689944023908,1.0868876767990567,1.0868876767990567,1.0868876767990567,1.2219650675267686,1.2219650675267686,1.2219650675267686,19.687141334667118,Safe ,
13.613738959435388,13.253187861458679,11.768051787427275,13.83689944023908,1.0868876767990567,1.0868876767990567,1.0868876767990567,1.2219650675267686,1.2219650675267686,1.2219650675267686,17.15918928782916,Safe ,
13.613738959435388,13.253187861458679,11.768051787427275,13.83689944023908,1.0868876767990567,1.0868876767990567,1.0868876767990567,1.2219650675267686,1.2219650675267686,1.2219650675267686,18.170865045338147,Safe ,
13.613738959435388,13.253187861458679,11.768051787427275,13.83689944023908,1.0868876767990567,1.0868876767990567,1.0868876767990567,1.2219650675267686,1.2219650675267686,1.2219650675267686,19.41433241100065,Safe ,
13.613738959435388,13.253187861458679,11.768051787427275,13.83689944023908,1.0868876767990567,1.0868876767990567,1.0868876767990567,1.2219650675267686,1.2219650675267686,1.2219650675267686,19.753872602089753,Safe ,
13.613738959435388,13.253187861458679,11.768051787427275,13.83689944023908,1.0868876767990567,1.0868876767990567,1.0868876767990567,1.2219650675267686,1.2219650675267686,1.2219650675267686,18.80759937717986,Safe ,
13.613738959435388,13.253187861458679,11.768051787427275,13.83689944023908,1.0868876767990567,1.0868876767990567,1.0868876767990567,1.2219650675267686,1.2219650675267686,1.2219650675267686,20.78860654662814,Safe ,
13.613738959435388,13.253187861458679,11.768051787427275,13.83689944023908,1.0868876767990567,1.0868876767990567,1.0868876767990567,1.2219650675267686,1.2219650675267686,1.2219650675267686,20.864499085662345,Safe ,
13.613738959435388,13.253187861458679,11.768051787427275,13.83689944023908,1.0868876767990567,1.0868876767990567,1.0868876767990567,1.2219650675267686,1.2219650675267686,1.2219650675267686,17.125197907710735,Safe ,
13.613738959435388,13.253187861458679,11.768051787427275,13.83689944023908,1.0868876767990567,1.0868876767990567,1.0868876767990567,1.2219650675267686,1.2219650675267686,1.2219650675267686,17.09767915567665,Safe ,
13.613738959435388,13.253187861458679,11.768051787427275,13.83689944023908,1.0868876767990567,1.0868876767990567,1.0868876767990567,1.2219650675267686,1.2219650675267686,1.2219650675267686,17.594170968912454,Safe ,
13.613738959435388,13.253187861458679,11.768051787427275,13.83689944023908,1.0868876767990567,1.0868876767990567,1.0868876767990567,1.2219650675267686,1.2219650675267686,1.2219650675267686,14.068406026147452,Safe ,
13.613738959435388,13.253187861458679,11.768051787427275,13.83689944023908,1.0868876767990567,1.0868876767990567,1.0868876767990567,1.2219650675267686,1.2219650675267686,1.2219650675267686,17.109690051013242,Safe ,
13.613738959435388,13.253187861458679,11.768051787427275,13.83689944023908,1.0868876767990567,1.0868876767990567,1.0868876767990567,1.2219650675267686,1.2219650675267686,1.2219650675267686,19.739155603359794,Safe ,
13.613738959435388,13.253187861458679,11.768051787427275,13.83689944023908,1.0868876767990567,1.0868876767990567,1.0868876767990567,1.2219650675267686,1.2219650675267686,1.2219650675267686,18.341803469202247,Safe ,
13.613738959435388,13.253187861458679,11.768051787427275,13.83689944023908,1.0868876767990567,1.0868876767990567,1.0868876767990567,1.2219650675267686,1.2219650675267686,1.2219650675267686,17.188932513710544,Safe ,
13.613738959435388,13.253187861458679,11.768051787427275,13.83689944023908,1.0868876767990567,1.0868876767990567,1.0868876767990567,1.2219650675267686,1.2219650675267686,1.2219650675267686,18.47182373777694,Safe ,
13.613738959435388,13.253187861458679,11.768051787427275,13.83689944023908,1.0868876767990567,1.0868876767990567,1.0868876767990567,1.2219650675267686,1.2219650675267686,1.2219650675267686,15.92826016893651,Safe ,
13.613738959435388,13.253187861458679,11.768051787427275,13.83689944023908,1.0868876767990567,1.0868876767990567,1.0868876767990567,1.2219650675267686,1.2219650675267686,1.2219650675267686,17.596353687801667,Safe ,
13.613738959435388,13.253187861458679,11.768051787427275,13.83689944023908,1.0868876767990567,1.0868876767990567,1.0868876767990567,1.2219650675267686,1.2219650675267686,1.2219650675267686,16.640101964522547,Safe ,
13.613738959435388,13.253187861458679,11.768051787427275,13.83689944023908,1.0868876767990567,1.0868876767990567,1.0868876767990567,1.2219650675267686,1.2219650675267686,1.2219650675267686,18.470355378750742,Safe ,
13.613738959435388,13.253187861458679,11.768051787427275,13.83689944023908,1.0868876767990567,1.0868876767990567,1.0868876767990567,1.2219650675267686,1.2219650675267686,1.2219650675267686,18.36476399321694,Safe ,
13.613738959435388,13.253187861458679,11.768051787427275,13.83689944023908,1.0868876767990567,1.0868876767990567,1.0868876767990567,1.2219650675267686,1.2219650675267686,1.2219650675267686,16.860255068029343,Safe ,
13.613738959435388,13.253187861458679,11.768051787427275,13.83689944023908,1.0868876767990567,1.0868876767990567,1.0868876767990567,1.2219650675267686,1.2219650675267686,1.2219650675267686,19.72220279507477,Safe ,
13.613738959435388,13.253187861458679,11.768051787427275,13.83689944023908,1.0868876767990567,1.0868876767990567,1.0868876767990567,1.2219650675267686,1.2219650675267686,1.2219650675267686,17.87275740416374,Safe ,
13.613738959435388,13.253187861458679,11.768051787427275,13.83689944023908,1.0868876767990567,1.0868876767990567,1.0868876767990567,1.2219650675267686,1.2219650675267686,1.2219650675267686,20.050370271607786,Safe ,
13.613738959435388,13.253187861458679,11.768051787427275,13.83689944023908,1.0868876767990567,1.0868876767990567,1.0868876767990567,1.2219650675267686,1.2219650675267686,1.2219650675267686,17.320282979517916,Safe ,
13.613738959435388,13.253187861458679,11.768051787427275,13.83689944023908,1.0868876767990567,1.0868876767990567,1.0868876767990567,1.2219650675267686,1.2219650675267686,1.2219650675267686,20.108252128323652,Safe ,
13.613738959435388,13.253187861458679,11.768051787427275,13.83689944023908,1.0868876767990567,1.0868876767990567,1.0868876767990567,1.2219650675267686,1.2219650675267686,1.2219650675267686,19.297572752293483,Safe ,
13.613738959435388,13.253187861458679,11.768051787427275,13.83689944023908,1.0868876767990567,1.0868876767990567,1.0868876767990567,1.2219650675267686,1.2219650675267686,1.2219650675267686,16.711638295248218,Safe ,
13.613738959435388,13.253187861458679,11.768051787427275,13.83689944023908,1.0868876767990567,1.0868876767990567,1.0868876767990567,1.2219650675267686,1.2219650675267686,1.2219650675267686,17.144612583199137,Safe ,
13.613738959435388,13.253187861458679,11.768051787427275,13.83689944023908,1.0868876767990567,1.0868876767990567,1.0868876767990567,1.2219650675267686,1.2219650675267686,1.2219650675267686,16.238987388095698,Safe ,
13.613738959435388,13.253187861458679,11.768051787427275,13.83689944023908,1.0868876767990567,1.0868876767990567,1.0868876767990567,1.2219650675267686,1.2219650675267686,1.2219650675267686,17.296389900946807,Safe ,
13.613738959435388,13.253187861458679,11.768051787427275,13.83689944023908,1.0868876767990567,1.0868876767990567,1.0868876767990567,1.2219650675267686,1.2219650675267686,1.2219650675267686,20.33881228346686,Safe ,
13.613738959435388,13.253187861458679,11.768051787427275,13.83689944023908,1.0868876767990567,1.0868876767990567,1.0868876767990567,1.2219650675267686,1.2219650675267686,1.2219650675267686,19.241492402974604,Safe ,
13.613738959435388,13.253187861458679,11.768051787427275,13.83689944023908,1.0868876767990567,1.0868876767990567,1.0868876767990567,1.2219650675267686,1.2219650675267686,1.2219650675267686,17.12200652470082,Safe ,
13.613738959435388,13.253187861458679,11.768051787427275,13.83689944023908,1.0868876767990567,1.0868876767990567,1.0868876767990567,1.2219650675267686,1.2219650675267686,1.2219650675267686,18.845066658471968,Safe ,
13.613738959435388,13.253187861458679,11.768051787427275,13.83689944023908,1.0868876767990567,1.0868876767990567,1.0868876767990567,1.2219650675267686,1.2219650675267686,1.2219650675267686,17.35467531951413,Safe ,
13.613738959435388,13.253187861458679,11.768051787427275,13.83689944023908,1.0868876767990567,1.0868876767990567,1.0868876767990567,1.2219650675267686,1.2219650675267686,1.2219650675267686,16.540072544593283,Safe ,
13.613738959435388,13.253187861458679,11.768051787427275,13.83689944023908,1.0868876767990567,1.0868876767990567,1.0868876767990567,1.2219650675267686,1.2219650675267686,1.2219650675267686,17.056468089587263,Safe ,
13.613738959435388,13.253187861458679,11.768051787427275,13.83689944023908,1.0868876767990567,1.0868876767990567,1.0868876767990567,1.2219650675267686,1.2219650675267686,1.2219650675267686,18.117278944405513,Safe ,
13.613738959435388,13.253187861458679,11.768051787427275,13.83689944023908,1.0868876767990567,1.0868876767990567,1.0868876767990567,1.2219650675267686,1.2219650675267686,1.2219650675267686,18.392208833397017,Safe ,
13.613738959435388,13.253187861458679,11.768051787427275,13.83689944023908,1.0868876767990567,1.0868876767990567,1.0868876767990567,1.2219650675267686,1.2219650675267686,1.2219650675267686,17.53696607298169,Safe ,
13.613738959435388,13.253187861458679,11.768051787427275,13.83689944023908,1.0868876767990567,1.0868876767990567,1.0868876767990567,1.2219650675267686,1.2219650675267686,1.2219650675267686,19.097102547062622,Safe ,
13.613738959435388,13.253187861458679,11.768051787427275,13.83689944023908,1.0868876767990567,1.0868876767990567,1.0868876767990567,1.2219650675267686,1.2219650675267686,1.2219650675267686,17.91528828602222,Safe ,
13.613738959435388,13.253187861458679,11.768051787427275,13.83689944023908,1.0868876767990567,1.0868876767990567,1.0868876767990567,1.2219650675267686,1.2219650675267686,1.2219650675267686,19.03655043111283,Safe ,
13.613738959435388,13.253187861458679,11.768051787427275,13.83689944023908,1.0868876767990567,1.0868876767990567,1.0868876767990567,1.2219650675267686,1.2219650675267686,1.2219650675267686,17.97623077995042,Safe ,
13.613738959435388,13.253187861458679,11.768051787427275,13.83689944023908,1.0868876767990567,1.0868876767990567,1.0868876767990567,1.2219650675267686,1.2219650675267686,1.2219650675267686,18.29008478363427,Safe ,
13.613738959435388,13.253187861458679,11.768051787427275,13.83689944023908,1.0868876767990567,1.0868876767990567,1.0868876767990567,1.2219650675267686,1.2219650675267686,1.2219650675267686,17.901969957125168,Safe ,
13.613738959435388,13.253187861458679,11.768051787427275,13.83689944023908,1.0868876767990567,1.0868876767990567,1.0868876767990567,1.2219650675267686,1.2219650675267686,1.2219650675267686,16.915407034603195,Safe ,
13.613738959435388,13.253187861458679,11.768051787427275,13.83689944023908,1.0868876767990567,1.0868876767990567,1.0868876767990567,1.2219650675267686,1.2219650675267686,1.2219650675267686,15.635495185255856,Safe ,
13.613738959435388,13.253187861458679,11.768051787427275,13.83689944023908,1.0868876767990567,1.0868876767990567,1.0868876767990567,1.2219650675267686,1.2219650675267686,1.2219650675267686,17.998073748431636,Safe ,
13.613738959435388,13.253187861458679,11.768051787427275,13.83689944023908,1.0868876767990567,1.0868876767990567,1.0868876767990567,1.2219650675267686,1.2219650675267686,1.2219650675267686,16.42931222227167,Safe ,
13.613738959435388,13.253187861458679,11.768051787427275,13.83689944023908,1.0868876767990567,1.0868876767990567,1.0868876767990567,1.2219650675267686,1.2219650675267686,1.2219650675267686,14.743026435424794,Safe ,
13.613738959435388,13.253187861458679,11.768051787427275,13.83689944023908,1.0868876767990567,1.0868876767990567,1.0868876767990567,1.2219650675267686,1.2219650675267686,1.2219650675267686,20.814385891924424,Safe ,
13.613738959435388,13.253187861458679,11.768051787427275,13.83689944023908,1.0868876767990567,1.0868876767990567,1.0868876767990567,1.2219650675267686,1.2219650675267686,1.2219650675267686,16.833651906741608,Safe ,
13.613738959435388,13.253187861458679,11.768051787427275,13.83689944023908,1.0868876767990567,1.0868876767990567,1.0868876767990567,1.2219650675267686,1.2219650675267686,1.2219650675267686,18.218180419339102,Safe ,
13.613738959435388,13.253187861458679,11.768051787427275,13.83689944023908,1.0868876767990567,1.0868876767990567,1.0868876767990567,1.2219650675267686,1.2219650675267686,1.2219650675267686,18.85670018696485,Safe ,
13.613738959435388,13.253187861458679,11.768051787427275,13.83689944023908,1.0868876767990567,1.0868876767990567,1.0868876767990567,1.2219650675267686,1.2219650675267686,1.2219650675267686,16.67699893147323,Safe ,
13.613738959435388,13.253187861458679,11.768051787427275,13.83689944023908,1.0868876767990567,1.0868876767990567,1.0868876767990567,1.2219650675267686,1.2219650675267686,1.2219650675267686,16.18136631986874,Safe ,
13.613738959435388,13.253187861458679,11.768051787427275,13.83689944023908,1.0868876767990567,1.0868876767990567,1.0868876767990567,1.2219650675267686,1.2219650675267686,1.2219650675267686,17.992313684879328,Safe ,
13.613738959435388,13.253187861458679,11.768051787427275,13.83689944023908,1.0868876767990567,1.0868876767990567,1.0868876767990567,1.2219650675267686,1.2219650675267686,1.2219650675267686,19.91607827270032,Safe ,
13.613738959435388,13.253187861458679,11.768051787427275,13.83689944023908,1.0868876767990567,1.0868876767990567,1.0868876767990567,1.2219650675267686,1.2219650675267686,1.2219650675267686,18.12900586847956,Safe ,
13.613738959435388,13.253187861458679,11.768051787427275,13.83689944023908,1.0868876767990567,1.0868876767990567,1.0868876767990567,1.2219650675267686,1.2219650675267686,1.2219650675267686,19.050773073522258,Safe ,
13.613738959435388,13.253187861458679,11.768051787427275,13.83689944023908,1.0868876767990567,1.0868876767990567,1.0868876767990567,1.2219650675267686,1.2219650675267686,1.2219650675267686,21.078152669468203,Safe ,
13.613738959435388,13.253187861458679,11.768051787427275,13.83689944023908,1.0868876767990567,1.0868876767990567,1.0868876767990567,1.2219650675267686,1.2219650675267686,1.2219650675267686,19.798033235636332,Safe ,
13.613738959435388,13.253187861458679,11.768051787427275,13.83689944023908,1.0868876767990567,1.0868876767990567,1.0868876767990567,1.2219650675267686,1.2219650675267686,1.2219650675267686,18.40544861026561,Safe ,
13.613738959435388,13.253187861458679,11.768051787427275,13.83689944023908,1.0868876767990567,1.0868876767990567,1.0868876767990567,1.2219650675267686,1.2219650675267686,1.2219650675267686,15.859859211963508,Safe ,
13.613738959435388,13.253187861458679,11.768051787427275,13.83689944023908,1.0868876767990567,1.0868876767990567,1.0868876767990567,1.2219650675267686,1.2219650675267686,1.2219650675267686,16.36110640642742,Safe ,
13.613738959435388,13.253187861458679,11.768051787427275,13.83689944023908,1.0868876767990567,1.0868876767990567,1.0868876767990567,1.2219650675267686,1.2219650675267686,1.2219650675267686,18.525712705978904,Safe ,
13.613738959435388,13.253187861458679,11.768051787427275,13.83689944023908,1.0868876767990567,1.0868876767990567,1.0868876767990567,1.2219650675267686,1.2219650675267686,1.2219650675267686,18.005674154407437,Safe ,
13.613738959435388,13.253187861458679,11.768051787427275,13.83689944023908,1.0868876767990567,1.0868876767990567,1.0868876767990567,1.2219650675267686,1.2219650675267686,1.2219650675267686,19.46964918644804,Safe ,
13.613738959435388,13.253187861458679,11.768051787427275,13.83689944023908,1.0868876767990567,1.0868876767990567,1.0868876767990567,1.2219650675267686,1.2219650675267686,1.2219650675267686,20.141080637038915,Safe ,
13.613738959435388,13.253187861458679,11.768051787427275,13.83689944023908,1.0868876767990567,1.0868876767990567,1.0868876767990567,1.2219650675267686,1.2219650675267686,1.2219650675267686,15.420988025538676,Safe ,
13.613738959435388,13.253187861458679,11.768051787427275,13.83689944023908,1.0868876767990567,1.0868876767990567,1.0868876767990567,1.2219650675267686,1.2219650675267686,1.2219650675267686,18.64567840752405,Safe ,
13.613738959435388,13.253187861458679,11.768051787427275,13.83689944023908,1.0868876767990567,1.0868876767990567,1.0868876767990567,1.2219650675267686,1.2219650675267686,1.2219650675267686,16.653204492651263,Safe ,
13.613738959435388,13.253187861458679,11.768051787427275,13.83689944023908,1.0868876767990567,1.0868876767990567,1.0868876767990567,1.2219650675267686,1.2219650675267686,1.2219650675267686,18.488560957347687,Safe ,
13.613738959435388,13.253187861458679,11.768051787427275,13.83689944023908,1.0868876767990567,1.0868876767990567,1.0868876767990567,1.2219650675267686,1.2219650675267686,1.2219650675267686,19.308915749990064,Safe ,
13.613738959435388,13.253187861458679,11.768051787427275,13.83689944023908,1.0868876767990567,1.0868876767990567,1.0868876767990567,1.2219650675267686,1.2219650675267686,1.2219650675267686,22.047933525371807,Safe ,
13.613738959435388,13.253187861458679,11.768051787427275,13.83689944023908,1.0868876767990567,1.0868876767990567,1.0868876767990567,1.2219650675267686,1.2219650675267686,1.2219650675267686,16.30998145613013,Safe ,
13.613738959435388,13.253187861458679,11.768051787427275,13.83689944023908,1.0868876767990567,1.0868876767990567,1.0868876767990567,1.2219650675267686,1.2219650675267686,1.2219650675267686,19.910705537772312,Safe ,
13.613738959435388,13.253187861458679,11.768051787427275,13.83689944023908,1.0868876767990567,1.0868876767990567,1.0868876767990567,1.2219650675267686,1.2219650675267686,1.2219650675267686,18.0282528597655,Safe ,
13.613738959435388,13.253187861458679,11.768051787427275,13.83689944023908,1.0868876767990567,1.0868876767990567,1.0868876767990567,1.2219650675267686,1.2219650675267686,1.2219650675267686,19.35264646830208,Safe ,
13.613738959435388,13.253187861458679,11.768051787427275,13.83689944023908,1.0868876767990567,1.0868876767990567,1.0868876767990567,1.2219650675267686,1.2219650675267686,1.2219650675267686,20.76403903315527,Safe ,
13.613738959435388,13.253187861458679,11.768051787427275,13.83689944023908,1.0868876767990567,1.0868876767990567,1.0868876767990567,1.2219650675267686,1.2219650675267686,1.2219650675267686,18.25226109351528,Safe ,
13.613738959435388,13.253187861458679,11.768051787427275,13.83689944023908,1.0868876767990567,1.0868876767990567,1.0868876767990567,1.2219650675267686,1.2219650675267686,1.2219650675267686,17.443633286022703,Safe ,
13.613738959435388,13.253187861458679,11.768051787427275,13.83689944023908,1.0868876767990567,1.0868876767990567,1.0868876767990567,1.2219650675267686,1.2219650675267686,1.2219650675267686,18.54522697637864,Safe ,
13.613738959435388,13.253187861458679,11.768051787427275,13.83689944023908,1.0868876767990567,1.0868876767990567,1.0868876767990567,1.2219650675267686,1.2219650675267686,1.2219650675267686,17.080549489031974,Safe ,
13.613738959435388,13.253187861458679,11.768051787427275,13.83689944023908,1.0868876767990567,1.0868876767990567,1.0868876767990567,1.2219650675267686,1.2219650675267686,1.2219650675267686,17.242207986636398,Safe ,
13.613738959435388,13.253187861458679,11.768051787427275,13.83689944023908,1.0868876767990567,1.0868876767990567,1.0868876767990567,1.2219650675267686,1.2219650675267686,1.2219650675267686,15.96370166984181,Safe ,
13.613738959435388,13.253187861458679,11.768051787427275,13.83689944023908,1.0868876767990567,1.0868876767990567,1.0868876767990567,1.2219650675267686,1.2219650675267686,1.2219650675267686,20.737959971667625,Safe ,
13.613738959435388,13.253187861458679,11.768051787427275,13.83689944023908,1.0868876767990567,1.0868876767990567,1.0868876767990567,1.2219650675267686,1.2219650675267686,1.2219650675267686,17.960796223779468,Safe ,
13.613738959435388,13.253187861458679,11.768051787427275,13.83689944023908,1.0868876767990567,1.0868876767990567,1.0868876767990567,1.2219650675267686,1.2219650675267686,1.2219650675267686,16.352394464838003,Safe ,
13.613738959435388,13.253187861458679,11.768051787427275,13.83689944023908,1.0868876767990567,1.0868876767990567,1.0868876767990567,1.2219650675267686,1.2219650675267686,1.2219650675267686,19.64666917902793,Safe ,
13.613738959435388,13.253187861458679,11.768051787427275,13.83689944023908,1.0868876767990567,1.0868876767990567,1.0868876767990567,1.2219650675267686,1.2219650675267686,1.2219650675267686,20.80620023837703,Safe ,
13.613738959435388,13.253187861458679,11.768051787427275,13.83689944023908,1.0868876767990567,1.0868876767990567,1.0868876767990567,1.2219650675267686,1.2219650675267686,1.2219650675267686,16.087995810479683,Safe ,
13.613738959435388,13.253187861458679,11.768051787427275,13.83689944023908,1.0868876767990567,1.0868876767990567,1.0868876767990567,1.2219650675267686,1.2219650675267686,1.2219650675267686,17.500685950941442,Safe ,
13.613738959435388,13.253187861458679,11.768051787427275,13.83689944023908,1.0868876767990567,1.0868876767990567,1.0868876767990567,1.2219650675267686,1.2219650675267686,1.2219650675267686,19.498292061153922,Safe ,
13.613738959435388,13.253187861458679,11.768051787427275,13.83689944023908,1.0868876767990567,1.0868876767990567,1.0868876767990567,1.2219650675267686,1.2219650675267686,1.2219650675267686,17.891218551295072,Safe ,
13.613738959435388,13.253187861458679,11.768051787427275,13.83689944023908,1.0868876767990567,1.0868876767990567,1.0868876767990567,1.2219650675267686,1.2219650675267686,1.2219650675267686,19.027810892739122,Safe ,
13.613738959435388,13.253187861458679,11.768051787427275,13.83689944023908,1.0868876767990567,1.0868876767990567,1.0868876767990567,1.2219650675267686,1.2219650675267686,1.2219650675267686,20.093356214044036,Safe ,
13.613738959435388,13.253187861458679,11.768051787427275,13.83689944023908,1.0868876767990567,1.0868876767990567,1.0868876767990567,1.2219650675267686,1.2219650675267686,1.2219650675267686,22.53969927369309,Safe ,
13.613738959435388,13.253187861458679,11.768051787427275,13.83689944023908,1.0868876767990567,1.0868876767990567,1.0868876767990567,1.2219650675267686,1.2219650675267686,1.2219650675267686,17.57833712745312,Safe ,
13.613738959435388,13.253187861458679,11.768051787427275,13.83689944023908,1.0868876767990567,1.0868876767990567,1.0868876767990567,1.2219650675267686,1.2219650675267686,1.2219650675267686,18.399979949279544,Safe ,
13.613738959435388,13.253187861458679,11.768051787427275,13.83689944023908,1.0868876767990567,1.0868876767990567,1.0868876767990567,1.2219650675267686,1.2219650675267686,1.2219650675267686,17.747178574124646,Safe ,
13.613738959435388,13.253187861458679,11.768051787427275,13.83689944023908,1.0868876767990567,1.0868876767990567,1.0868876767990567,1.2219650675267686,1.2219650675267686,1.2219650675267686,18.010839125645667,Safe ,
13.613738959435388,13.253187861458679,11.768051787427275,13.83689944023908,1.0868876767990567,1.0868876767990567,1.0868876767990567,1.2219650675267686,1.2219650675267686,1.2219650675267686,16.96894106059545,Safe ,
13.613738959435388,13.253187861458679,11.768051787427275,13.83689944023908,1.0868876767990567,1.0868876767990567,1.0868876767990567,1.2219650675267686,1.2219650675267686,1.2219650675267686,17.14797830623304,Safe ,
13.613738959435388,13.253187861458679,11.768051787427275,13.83689944023908,1.0868876767990567,1.0868876767990567,1.0868876767990567,1.2219650675267686,1.2219650675267686,1.2219650675267686,20.491177360459098,Safe ,
13.613738959435388,13.253187861458679,11.768051787427275,13.83689944023908,1.0868876767990567,1.0868876767990567,1.0868876767990567,1.2219650675267686,1.2219650675267686,1.2219650675267686,19.03189064785919,Safe ,
13.613738959435388,13.253187861458679,11.768051787427275,13.83689944023908,1.0868876767990567,1.0868876767990567,1.0868876767990567,1.2219650675267686,1.2219650675267686,1.2219650675267686,18.69780825358146,Safe ,
13.613738959435388,13.253187861458679,11.768051787427275,13.83689944023908,1.0868876767990567,1.0868876767990567,1.0868876767990567,1.2219650675267686,1.2219650675267686,1.2219650675267686,15.744642160739637,Safe ,
13.613738959435388,13.253187861458679,11.768051787427275,13.83689944023908,1.0868876767990567,1.0868876767990567,1.0868876767990567,1.2219650675267686,1.2219650675267686,1.2219650675267686,14.613725645178878,Safe ,
13.613738959435388,13.253187861458679,11.768051787427275,13.83689944023908,1.0868876767990567,1.0868876767990567,1.0868876767990567,1.2219650675267686,1.2219650675267686,1.2219650675267686,16.19192127441389,Safe ,
13.613738959435388,13.253187861458679,11.768051787427275,13.83689944023908,1.0868876767990567,1.0868876767990567,1.0868876767990567,1.2219650675267686,1.2219650675267686,1.2219650675267686,16.450057321920237,Safe ,
13.613738959435388,13.253187861458679,11.768051787427275,13.83689944023908,1.0868876767990567,1.0868876767990567,1.0868876767990567,1.2219650675267686,1.2219650675267686,1.2219650675267686,19.38575209123019,Safe ,
13.613738959435388,13.253187861458679,11.768051787427275,13.83689944023908,1.0868876767990567,1.0868876767990567,1.0868876767990567,1.2219650675267686,1.2219650675267686,1.2219650675267686,17.24204111085467,Safe ,
13.613738959435388,13.253187861458679,11.768051787427275,13.83689944023908,1.0868876767990567,1.0868876767990567,1.0868876767990567,1.2219650675267686,1.2219650675267686,1.2219650675267686,16.969797306393666,Safe ,
13.613738959435388,13.253187861458679,11.768051787427275,13.83689944023908,1.0868876767990567,1.0868876767990567,1.0868876767990567,1.2219650675267686,1.2219650675267686,1.2219650675267686,17.726622992130338,Safe ,
13.613738959435388,13.253187861458679,11.768051787427275,13.83689944023908,1.0868876767990567,1.0868876767990567,1.0868876767990567,1.2219650675267686,1.2219650675267686,1.2219650675267686,17.88334908592844,Safe ,
13.613738959435388,13.253187861458679,11.768051787427275,13.83689944023908,1.0868876767990567,1.0868876767990567,1.0868876767990567,1.2219650675267686,1.2219650675267686,1.2219650675267686,18.987944529606356,Safe ,
13.613738959435388,13.253187861458679,11.768051787427275,13.83689944023908,1.0868876767990567,1.0868876767990567,1.0868876767990567,1.2219650675267686,1.2219650675267686,1.2219650675267686,19.60581868784368,Safe ,
13.613738959435388,13.253187861458679,11.768051787427275,13.83689944023908,1.0868876767990567,1.0868876767990567,1.0868876767990567,1.2219650675267686,1.2219650675267686,1.2219650675267686,19.521207991585545,Safe ,
13.613738959435388,13.253187861458679,11.768051787427275,13.83689944023908,1.0868876767990567,1.0868876767990567,1.0868876767990567,1.2219650675267686,1.2219650675267686,1.2219650675267686,17.001769507537027,Safe ,
13.613738959435388,13.253187861458679,11.768051787427275,13.83689944023908,1.0868876767990567,1.0868876767990567,1.0868876767990567,1.2219650675267686,1.2219650675267686,1.2219650675267686,17.111529212924584,Safe ,
13.613738959435388,13.253187861458679,11.768051787427275,13.83689944023908,1.0868876767990567,1.0868876767990567,1.0868876767990567,1.2219650675267686,1.2219650675267686,1.2219650675267686,18.292895330880853,Safe ,
13.613738959435388,13.253187861458679,11.768051787427275,13.83689944023908,1.0868876767990567,1.0868876767990567,1.0868876767990567,1.2219650675267686,1.2219650675267686,1.2219650675267686,19.27572931575983,Safe ,
13.613738959435388,13.253187861458679,11.768051787427275,13.83689944023908,1.0868876767990567,1.0868876767990567,1.0868876767990567,1.2219650675267686,1.2219650675267686,1.2219650675267686,18.873689938311287,Safe ,
13.613738959435388,13.253187861458679,11.768051787427275,13.83689944023908,1.0868876767990567,1.0868876767990567,1.0868876767990567,1.2219650675267686,1.2219650675267686,1.2219650675267686,19.678426709795843,Safe ,
13.613738959435388,13.253187861458679,11.768051787427275,13.83689944023908,1.0868876767990567,1.0868876767990567,1.0868876767990567,1.2219650675267686,1.2219650675267686,1.2219650675267686,16.079843143705663,Safe ,
13.613738959435388,13.253187861458679,11.768051787427275,13.83689944023908,1.0868876767990567,1.0868876767990567,1.0868876767990567,1.2219650675267686,1.2219650675267686,1.2219650675267686,17.718029599865933,Safe ,
13.613738959435388,13.253187861458679,11.768051787427275,13.83689944023908,1.0868876767990567,1.0868876767990567,1.0868876767990567,1.2219650675267686,1.2219650675267686,1.2219650675267686,18.51055429616389,Safe ,
13.613738959435388,13.253187861458679,11.768051787427275,13.83689944023908,1.0868876767990567,1.0868876767990567,1.0868876767990567,1.2219650675267686,1.2219650675267686,1.2219650675267686,18.76536160913705,Safe ,
13.613738959435388,13.253187861458679,11.768051787427275,13.83689944023908,1.0868876767990567,1.0868876767990567,1.0868876767990567,1.2219650675267686,1.2219650675267686,1.2219650675267686,17.322603340415636,Safe ,
13.613738959435388,13.253187861458679,11.768051787427275,13.83689944023908,1.0868876767990567,1.0868876767990567,1.0868876767990567,1.2219650675267686,1.2219650675267686,1.2219650675267686,17.000961093739384,Safe ,
13.613738959435388,13.253187861458679,11.768051787427275,13.83689944023908,1.0868876767990567,1.0868876767990567,1.0868876767990567,1.2219650675267686,1.2219650675267686,1.2219650675267686,17.460220510737408,Safe ,
13.613738959435388,13.253187861458679,11.768051787427275,13.83689944023908,1.0868876767990567,1.0868876767990567,1.0868876767990567,1.2219650675267686,1.2219650675267686,1.2219650675267686,17.600912345669155,Safe ,
13.613738959435388,13.253187861458679,11.768051787427275,13.83689944023908,1.0868876767990567,1.0868876767990567,1.0868876767990567,1.2219650675267686,1.2219650675267686,1.2219650675267686,18.06977930089041,Safe ,
13.613738959435388,13.253187861458679,11.768051787427275,13.83689944023908,1.0868876767990567,1.0868876767990567,1.0868876767990567,1.2219650675267686,1.2219650675267686,1.2219650675267686,16.877852048645355,Safe ,
13.613738959435388,13.253187861458679,11.768051787427275,13.83689944023908,1.0868876767990567,1.0868876767990567,1.0868876767990567,1.2219650675267686,1.2219650675267686,1.2219650675267686,16.561000405537985,Safe ,
13.613738959435388,13.253187861458679,11.768051787427275,13.83689944023908,1.0868876767990567,1.0868876767990567,1.0868876767990567,1.2219650675267686,1.2219650675267686,1.2219650675267686,14.658499027650732,Safe ,
13.613738959435388,13.253187861458679,11.768051787427275,13.83689944023908,1.0868876767990567,1.0868876767990567,1.0868876767990567,1.2219650675267686,1.2219650675267686,1.2219650675267686,17.67930976528138,Safe ,
13.613738959435388,13.253187861458679,11.768051787427275,13.83689944023908,1.0868876767990567,1.0868876767990567,1.0868876767990567,1.2219650675267686,1.2219650675267686,1.2219650675267686,16.980325756139138,Safe ,
13.613738959435388,13.253187861458679,11.768051787427275,13.83689944023908,1.0868876767990567,1.0868876767990567,1.0868876767990567,1.2219650675267686,1.2219650675267686,1.2219650675267686,19.235437517396655,Safe ,
13.613738959435388,13.253187861458679,11.768051787427275,13.83689944023908,1.0868876767990567,1.0868876767990567,1.0868876767990567,1.2219650675267686,1.2219650675267686,1.2219650675267686,16.527923251626866,Safe ,
13.613738959435388,13.253187861458679,11.768051787427275,13.83689944023908,1.0868876767990567,1.0868876767990567,1.0868876767990567,1.2219650675267686,1.2219650675267686,1.2219650675267686,17.351684461726034,Safe ,
13.613738959435388,13.253187861458679,11.768051787427275,13.83689944023908,1.0868876767990567,1.0868876767990567,1.0868876767990567,1.2219650675267686,1.2219650675267686,1.2219650675267686,18.406353707307623,Safe ,
13.613738959435388,13.253187861458679,11.768051787427275,13.83689944023908,1.0868876767990567,1.0868876767990567,1.0868876767990567,1.2219650675267686,1.2219650675267686,1.2219650675267686,17.626963193341822,Safe ,
13.613738959435388,13.253187861458679,11.768051787427275,13.83689944023908,1.0868876767990567,1.0868876767990567,1.0868876767990567,1.2219650675267686,1.2219650675267686,1.2219650675267686,17.032054618228212,Safe ,
13.613738959435388,13.253187861458679,11.768051787427275,13.83689944023908,1.0868876767990567,1.0868876767990567,1.0868876767990567,1.2219650675267686,1.2219650675267686,1.2219650675267686,17.517613853830294,Safe ,
13.613738959435388,13.253187861458679,11.768051787427275,13.83689944023908,1.0868876767990567,1.0868876767990567,1.0868876767990567,1.2219650675267686,1.2219650675267686,1.2219650675267686,18.480420214557427,Safe ,
13.613738959435388,13.253187861458679,11.768051787427275,13.83689944023908,1.0868876767990567,1.0868876767990567,1.0868876767990567,1.2219650675267686,1.2219650675267686,1.2219650675267686,17.702773999634662,Safe ,
13.613738959435388,13.253187861458679,11.768051787427275,13.83689944023908,1.0868876767990567,1.0868876767990567,1.0868876767990567,1.2219650675267686,1.2219650675267686,1.2219650675267686,16.978858508693975,Safe ,
13.613738959435388,13.253187861458679,11.768051787427275,13.83689944023908,1.0868876767990567,1.0868876767990567,1.0868876767990567,1.2219650675267686,1.2219650675267686,1.2219650675267686,17.983032470448798,Safe ,
13.613738959435388,13.253187861458679,11.768051787427275,13.83689944023908,1.0868876767990567,1.0868876767990567,1.0868876767990567,1.2219650675267686,1.2219650675267686,1.2219650675267686,17.298533918381583,Safe ,
13.613738959435388,13.253187861458679,11.768051787427275,13.83689944023908,1.0868876767990567,1.0868876767990567,1.0868876767990567,1.2219650675267686,1.2219650675267686,1.2219650675267686,18.21838619464778,Safe ,
13.613738959435388,13.253187861458679,11.768051787427275,13.83689944023908,1.0868876767990567,1.0868876767990567,1.0868876767990567,1.2219650675267686,1.2219650675267686,1.2219650675267686,18.54628184571115,Safe ,
13.613738959435388,13.253187861458679,11.768051787427275,13.83689944023908,1.0868876767990567,1.0868876767990567,1.0868876767990567,1.2219650675267686,1.2219650675267686,1.2219650675267686,15.803525399779142,Safe ,
13.613738959435388,13.253187861458679,11.768051787427275,13.83689944023908,1.0868876767990567,1.0868876767990567,1.0868876767990567,1.2219650675267686,1.2219650675267686,1.2219650675267686,17.85287702497948,Safe ,
13.613738959435388,13.253187861458679,11.768051787427275,13.83689944023908,1.0868876767990567,1.0868876767990567,1.0868876767990567,1.2219650675267686,1.2219650675267686,1.2219650675267686,17.891391869757637,Safe ,
13.613738959435388,13.253187861458679,11.768051787427275,13.83689944023908,1.0868876767990567,1.0868876767990567,1.0868876767990567,1.2219650675267686,1.2219650675267686,1.2219650675267686,20.048113120464425,Safe ,
13.613738959435388,13.253187861458679,11.768051787427275,13.83689944023908,1.0868876767990567,1.0868876767990567,1.0868876767990567,1.2219650675267686,1.2219650675267686,1.2219650675267686,17.620146407221185,Safe ,
13.613738959435388,13.253187861458679,11.768051787427275,13.83689944023908,1.0868876767990567,1.0868876767990567,1.0868876767990567,1.2219650675267686,1.2219650675267686,1.2219650675267686,17.993094243990125,Safe ,
13.613738959435388,13.253187861458679,11.768051787427275,13.83689944023908,1.0868876767990567,1.0868876767990567,1.0868876767990567,1.2219650675267686,1.2219650675267686,1.2219650675267686,18.709706095062437,Safe ,
13.613738959435388,13.253187861458679,11.768051787427275,13.83689944023908,1.0868876767990567,1.0868876767990567,1.0868876767990567,1.2219650675267686,1.2219650675267686,1.2219650675267686,17.242068116705322,Safe ,
13.613738959435388,13.253187861458679,11.768051787427275,13.83689944023908,1.0868876767990567,1.0868876767990567,1.0868876767990567,1.2219650675267686,1.2219650675267686,1.2219650675267686,20.708555632709444,Safe ,
13.613738959435388,13.253187861458679,11.768051787427275,13.83689944023908,1.0868876767990567,1.0868876767990567,1.0868876767990567,1.2219650675267686,1.2219650675267686,1.2219650675267686,17.49218315795359,Safe ,
13.613738959435388,13.253187861458679,11.768051787427275,13.83689944023908,1.0868876767990567,1.0868876767990567,1.0868876767990567,1.2219650675267686,1.2219650675267686,1.2219650675267686,16.73647473529277,Safe ,
13.613738959435388,13.253187861458679,11.768051787427275,13.83689944023908,1.0868876767990567,1.0868876767990567,1.0868876767990567,1.2219650675267686,1.2219650675267686,1.2219650675267686,16.382676103016486,Safe ,
13.613738959435388,13.253187861458679,11.768051787427275,13.83689944023908,1.0868876767990567,1.0868876767990567,1.0868876767990567,1.2219650675267686,1.2219650675267686,1.2219650675267686,18.239472721677675,Safe ,
13.613738959435388,13.253187861458679,11.768051787427275,13.83689944023908,1.0868876767990567,1.0868876767990567,1.0868876767990567,1.2219650675267686,1.2219650675267686,1.2219650675267686,16.997817710873964,Safe ,
13.613738959435388,13.253187861458679,11.768051787427275,13.83689944023908,1.0868876767990567,1.0868876767990567,1.0868876767990567,1.2219650675267686,1.2219650675267686,1.2219650675267686,18.524923197305846,Safe ,
13.613738959435388,13.253187861458679,11.768051787427275,13.83689944023908,1.0868876767990567,1.0868876767990567,1.0868876767990567,1.2219650675267686,1.2219650675267686,1.2219650675267686,16.861341089257618,Safe ,
13.613738959435388,13.253187861458679,11.768051787427275,13.83689944023908,1.0868876767990567,1.0868876767990567,1.0868876767990567,1.2219650675267686,1.2219650675267686,1.2219650675267686,19.67606127276238,Safe ,
13.613738959435388,13.253187861458679,11.768051787427275,13.83689944023908,1.0868876767990567,1.0868876767990567,1.0868876767990567,1.2219650675267686,1.2219650675267686,1.2219650675267686,18.824145067411067,Safe ,
13.613738959435388,13.253187861458679,11.768051787427275,13.83689944023908,1.0868876767990567,1.0868876767990567,1.0868876767990567,1.2219650675267686,1.2219650675267686,1.2219650675267686,16.338045673075353,Safe ,
13.613738959435388,13.253187861458679,11.768051787427275,13.83689944023908,1.0868876767990567,1.0868876767990567,1.0868876767990567,1.2219650675267686,1.2219650675267686,1.2219650675267686,15.781487675039754,Safe ,
13.613738959435388,13.253187861458679,11.768051787427275,13.83689944023908,1.0868876767990567,1.0868876767990567,1.0868876767990567,1.2219650675267686,1.2219650675267686,1.2219650675267686,17.032168829827764,Safe ,
13.613738959435388,13.253187861458679,11.768051787427275,13.83689944023908,1.0868876767990567,1.0868876767990567,1.0868876767990567,1.2219650675267686,1.2219650675267686,1.2219650675267686,15.631920419134309,Safe ,
13.613738959435388,13.253187861458679,11.768051787427275,13.83689944023908,1.0868876767990567,1.0868876767990567,1.0868876767990567,1.2219650675267686,1.2219650675267686,1.2219650675267686,16.066824454298516,Safe ,
13.613738959435388,13.253187861458679,11.768051787427275,13.83689944023908,1.0868876767990567,1.0868876767990567,1.0868876767990567,1.2219650675267686,1.2219650675267686,1.2219650675267686,15.40457761952913,Safe ,
13.613738959435388,13.253187861458679,11.768051787427275,13.83689944023908,1.0868876767990567,1.0868876767990567,1.0868876767990567,1.2219650675267686,1.2219650675267686,1.2219650675267686,18.52799447054675,Safe ,
13.613738959435388,13.253187861458679,11.768051787427275,13.83689944023908,1.0868876767990567,1.0868876767990567,1.0868876767990567,1.2219650675267686,1.2219650675267686,1.2219650675267686,18.87549916925921,Safe ,
13.613738959435388,13.253187861458679,11.768051787427275,13.83689944023908,1.0868876767990567,1.0868876767990567,1.0868876767990567,1.2219650675267686,1.2219650675267686,1.2219650675267686,20.864318163670276,Safe ,
13.613738959435388,13.253187861458679,11.768051787427275,13.83689944023908,1.0868876767990567,1.0868876767990567,1.0868876767990567,1.2219650675267686,1.2219650675267686,1.2219650675267686,17.309567951229504,Safe ,
13.613738959435388,13.253187861458679,11.768051787427275,13.83689944023908,1.0868876767990567,1.0868876767990567,1.0868876767990567,1.2219650675267686,1.2219650675267686,1.2219650675267686,17.73822622581884,Safe ,
13.613738959435388,13.253187861458679,11.768051787427275,13.83689944023908,1.0868876767990567,1.0868876767990567,1.0868876767990567,1.2219650675267686,1.2219650675267686,1.2219650675267686,18.357523175358608,Safe ,
13.613738959435388,13.253187861458679,11.768051787427275,13.83689944023908,1.0868876767990567,1.0868876767990567,1.0868876767990567,1.2219650675267686,1.2219650675267686,1.2219650675267686,18.262986873860658,Safe ,
13.613738959435388,13.253187861458679,11.768051787427275,13.83689944023908,1.0868876767990567,1.0868876767990567,1.0868876767990567,1.2219650675267686,1.2219650675267686,1.2219650675267686,19.805760343436415,Safe ,
13.613738959435388,13.253187861458679,11.768051787427275,13.83689944023908,1.0868876767990567,1.0868876767990567,1.0868876767990567,1.2219650675267686,1.2219650675267686,1.2219650675267686,16.66781418212954,Safe ,
13.613738959435388,13.253187861458679,11.768051787427275,13.83689944023908,1.0868876767990567,1.0868876767990567,1.0868876767990567,1.2219650675267686,1.2219650675267686,1.2219650675267686,15.014977939451182,Safe ,
13.613738959435388,13.253187861458679,11.768051787427275,13.83689944023908,1.0868876767990567,1.0868876767990567,1.0868876767990567,1.2219650675267686,1.2219650675267686,1.2219650675267686,18.396741687662754,Safe ,
13.613738959435388,13.253187861458679,11.768051787427275,13.83689944023908,1.0868876767990567,1.0868876767990567,1.0868876767990567,1.2219650675267686,1.2219650675267686,1.2219650675267686,19.172204645311616,Safe ,
13.613738959435388,13.253187861458679,11.768051787427275,13.83689944023908,1.0868876767990567,1.0868876767990567,1.0868876767990567,1.2219650675267686,1.2219650675267686,1.2219650675267686,17.407780647688263,Safe ,
13.613738959435388,13.253187861458679,11.768051787427275,13.83689944023908,1.0868876767990567,1.0868876767990567,1.0868876767990567,1.2219650675267686,1.2219650675267686,1.2219650675267686,17.174997395423176,Safe ,
13.613738959435388,13.253187861458679,11.768051787427275,13.83689944023908,1.0868876767990567,1.0868876767990567,1.0868876767990567,1.2219650675267686,1.2219650675267686,1.2219650675267686,19.08704539177148,Safe ,
13.613738959435388,13.253187861458679,11.768051787427275,13.83689944023908,1.0868876767990567,1.0868876767990567,1.0868876767990567,1.2219650675267686,1.2219650675267686,1.2219650675267686,16.349600646596603,Safe ,
13.613738959435388,13.253187861458679,11.768051787427275,13.83689944023908,1.0868876767990567,1.0868876767990567,1.0868876767990567,1.2219650675267686,1.2219650675267686,1.2219650675267686,20.983459912547907,Safe ,
13.613738959435388,13.253187861458679,11.768051787427275,13.83689944023908,1.0868876767990567,1.0868876767990567,1.0868876767990567,1.2219650675267686,1.2219650675267686,1.2219650675267686,15.732594017873714,Safe ,
13.613738959435388,13.253187861458679,11.768051787427275,13.83689944023908,1.0868876767990567,1.0868876767990567,1.0868876767990567,1.2219650675267686,1.2219650675267686,1.2219650675267686,17.18380398625399,Safe ,
13.613738959435388,13.253187861458679,11.768051787427275,13.83689944023908,1.0868876767990567,1.0868876767990567,1.0868876767990567,1.2219650675267686,1.2219650675267686,1.2219650675267686,18.03808551170262,Safe ,
13.613738959435388,13.253187861458679,11.768051787427275,13.83689944023908,1.0868876767990567,1.0868876767990567,1.0868876767990567,1.2219650675267686,1.2219650675267686,1.2219650675267686,18.68436433156286,Safe ,
13.613738959435388,13.253187861458679,11.768051787427275,13.83689944023908,1.0868876767990567,1.0868876767990567,1.0868876767990567,1.2219650675267686,1.2219650675267686,1.2219650675267686,17.17370594987341,Safe ,
13.613738959435388,13.253187861458679,11.768051787427275,13.83689944023908,1.0868876767990567,1.0868876767990567,1.0868876767990567,1.2219650675267686,1.2219650675267686,1.2219650675267686,19.697794705148933,Safe ,
13.613738959435388,13.253187861458679,11.768051787427275,13.83689944023908,1.0868876767990567,1.0868876767990567,1.0868876767990567,1.2219650675267686,1.2219650675267686,1.2219650675267686,17.316994204568832,Safe ,
13.613738959435388,13.253187861458679,11.768051787427275,13.83689944023908,1.0868876767990567,1.0868876767990567,1.0868876767990567,1.2219650675267686,1.2219650675267686,1.2219650675267686,15.378472219018697,Safe ,
13.613738959435388,13.253187861458679,11.768051787427275,13.83689944023908,1.0868876767990567,1.0868876767990567,1.0868876767990567,1.2219650675267686,1.2219650675267686,1.2219650675267686,20.778636744324352,Safe ,
13.613738959435388,13.253187861458679,11.768051787427275,13.83689944023908,1.0868876767990567,1.0868876767990567,1.0868876767990567,1.2219650675267686,1.2219650675267686,1.2219650675267686,20.808429725341824,Safe ,
13.613738959435388,13.253187861458679,11.768051787427275,13.83689944023908,1.0868876767990567,1.0868876767990567,1.0868876767990567,1.2219650675267686,1.2219650675267686,1.2219650675267686,15.608437140515218,Safe ,
13.613738959435388,13.253187861458679,11.768051787427275,13.83689944023908,1.0868876767990567,1.0868876767990567,1.0868876767990567,1.2219650675267686,1.2219650675267686,1.2219650675267686,18.70539314117734,Safe ,
13.613738959435388,13.253187861458679,11.768051787427275,13.83689944023908,1.0868876767990567,1.0868876767990567,1.0868876767990567,1.2219650675267686,1.2219650675267686,1.2219650675267686,17.700791503119326,Safe ,
13.613738959435388,13.253187861458679,11.768051787427275,13.83689944023908,1.0868876767990567,1.0868876767990567,1.0868876767990567,1.2219650675267686,1.2219650675267686,1.2219650675267686,16.41100830468553,Safe ,
13.613738959435388,13.253187861458679,11.768051787427275,13.83689944023908,1.0868876767990567,1.0868876767990567,1.0868876767990567,1.2219650675267686,1.2219650675267686,1.2219650675267686,17.773188903368325,Safe ,
13.613738959435388,13.253187861458679,11.768051787427275,13.83689944023908,1.0868876767990567,1.0868876767990567,1.0868876767990567,1.2219650675267686,1.2219650675267686,1.2219650675267686,18.441561035583895,Safe ,
13.613738959435388,13.253187861458679,11.768051787427275,13.83689944023908,1.0868876767990567,1.0868876767990567,1.0868876767990567,1.2219650675267686,1.2219650675267686,1.2219650675267686,16.210160735864154,Safe ,
13.613738959435388,13.253187861458679,11.768051787427275,13.83689944023908,1.0868876767990567,1.0868876767990567,1.0868876767990567,1.2219650675267686,1.2219650675267686,1.2219650675267686,15.413685813102836,Safe ,
13.613738959435388,13.253187861458679,11.768051787427275,13.83689944023908,1.0868876767990567,1.0868876767990567,1.0868876767990567,1.2219650675267686,1.2219650675267686,1.2219650675267686,20.290298972074286,Safe ,
13.613738959435388,13.253187861458679,11.768051787427275,13.83689944023908,1.0868876767990567,1.0868876767990567,1.0868876767990567,1.2219650675267686,1.2219650675267686,1.2219650675267686,17.06434100370544,Safe ,
13.613738959435388,13.253187861458679,11.768051787427275,13.83689944023908,1.0868876767990567,1.0868876767990567,1.0868876767990567,1.2219650675267686,1.2219650675267686,1.2219650675267686,18.816593383340095,Safe ,
13.613738959435388,13.253187861458679,11.768051787427275,13.83689944023908,1.0868876767990567,1.0868876767990567,1.0868876767990567,1.2219650675267686,1.2219650675267686,1.2219650675267686,16.941107408949396,Safe ,
13.613738959435388,13.253187861458679,11.768051787427275,13.83689944023908,1.0868876767990567,1.0868876767990567,1.0868876767990567,1.2219650675267686,1.2219650675267686,1.2219650675267686,16.517682509706262,Safe ,
13.613738959435388,13.253187861458679,11.768051787427275,13.83689944023908,1.0868876767990567,1.0868876767990567,1.0868876767990567,1.2219650675267686,1.2219650675267686,1.2219650675267686,18.10619112902134,Safe ,
13.613738959435388,13.253187861458679,11.768051787427275,13.83689944023908,1.0868876767990567,1.0868876767990567,1.0868876767990567,1.2219650675267686,1.2219650675267686,1.2219650675267686,18.17504208953693,Safe ,
13.613738959435388,13.253187861458679,11.768051787427275,13.83689944023908,1.0868876767990567,1.0868876767990567,1.0868876767990567,1.2219650675267686,1.2219650675267686,1.2219650675267686,15.87009804697764,Safe ,
13.613738959435388,13.253187861458679,11.768051787427275,13.83689944023908,1.0868876767990567,1.0868876767990567,1.0868876767990567,1.2219650675267686,1.2219650675267686,1.2219650675267686,17.387124802130966,Safe ,
13.613738959435388,13.253187861458679,11.768051787427275,13.83689944023908,1.0868876767990567,1.0868876767990567,1.0868876767990567,1.2219650675267686,1.2219650675267686,1.2219650675267686,18.831727826233607,Safe ,
13.613738959435388,13.253187861458679,11.768051787427275,13.83689944023908,1.0868876767990567,1.0868876767990567,1.0868876767990567,1.2219650675267686,1.2219650675267686,1.2219650675267686,17.316762961692923,Safe ,
13.613738959435388,13.253187861458679,11.768051787427275,13.83689944023908,1.0868876767990567,1.0868876767990567,1.0868876767990567,1.2219650675267686,1.2219650675267686,1.2219650675267686,19.232888430179177,Safe ,
13.613738959435388,13.253187861458679,11.768051787427275,13.83689944023908,1.0868876767990567,1.0868876767990567,1.0868876767990567,1.2219650675267686,1.2219650675267686,1.2219650675267686,17.925558507367704,Safe ,
13.613738959435388,13.253187861458679,11.768051787427275,13.83689944023908,1.0868876767990567,1.0868876767990567,1.0868876767990567,1.2219650675267686,1.2219650675267686,1.2219650675267686,17.68198387543896,Safe ,
13.613738959435388,13.253187861458679,11.768051787427275,13.83689944023908,1.0868876767990567,1.0868876767990567,1.0868876767990567,1.2219650675267686,1.2219650675267686,1.2219650675267686,18.388807167138054,Safe ,
13.613738959435388,13.253187861458679,11.768051787427275,13.83689944023908,1.0868876767990567,1.0868876767990567,1.0868876767990567,1.2219650675267686,1.2219650675267686,1.2219650675267686,14.899771602710555,Safe ,
13.613738959435388,13.253187861458679,11.768051787427275,13.83689944023908,1.0868876767990567,1.0868876767990567,1.0868876767990567,1.2219650675267686,1.2219650675267686,1.2219650675267686,17.280590375234553,Safe ,
13.613738959435388,13.253187861458679,11.768051787427275,13.83689944023908,1.0868876767990567,1.0868876767990567,1.0868876767990567,1.2219650675267686,1.2219650675267686,1.2219650675267686,19.34127571685225,Safe ,
13.613738959435388,13.253187861458679,11.768051787427275,13.83689944023908,1.0868876767990567,1.0868876767990567,1.0868876767990567,1.2219650675267686,1.2219650675267686,1.2219650675267686,16.018779295239092,Safe ,
13.613738959435388,13.253187861458679,11.768051787427275,13.83689944023908,1.0868876767990567,1.0868876767990567,1.0868876767990567,1.2219650675267686,1.2219650675267686,1.2219650675267686,16.54259096011317,Safe ,
13.613738959435388,13.253187861458679,11.768051787427275,13.83689944023908,1.0868876767990567,1.0868876767990567,1.0868876767990567,1.2219650675267686,1.2219650675267686,1.2219650675267686,16.937912125115467,Safe ,
13.613738959435388,13.253187861458679,11.768051787427275,13.83689944023908,1.0868876767990567,1.0868876767990567,1.0868876767990567,1.2219650675267686,1.2219650675267686,1.2219650675267686,19.92829115211647,Safe ,
13.613738959435388,13.253187861458679,11.768051787427275,13.83689944023908,1.0868876767990567,1.0868876767990567,1.0868876767990567,1.2219650675267686,1.2219650675267686,1.2219650675267686,18.263916535477016,Safe ,
13.613738959435388,13.253187861458679,11.768051787427275,13.83689944023908,1.0868876767990567,1.0868876767990567,1.0868876767990567,1.2219650675267686,1.2219650675267686,1.2219650675267686,17.326575621006853,Safe ,
13.613738959435388,13.253187861458679,11.768051787427275,13.83689944023908,1.0868876767990567,1.0868876767990567,1.0868876767990567,1.2219650675267686,1.2219650675267686,1.2219650675267686,16.315032434046103,Safe ,
13.613738959435388,13.253187861458679,11.768051787427275,13.83689944023908,1.0868876767990567,1.0868876767990567,1.0868876767990567,1.2219650675267686,1.2219650675267686,1.2219650675267686,18.94910471170262,Safe ,
13.613738959435388,13.253187861458679,11.768051787427275,13.83689944023908,1.0868876767990567,1.0868876767990567,1.0868876767990567,1.2219650675267686,1.2219650675267686,1.2219650675267686,15.20205570018092,Safe ,
13.613738959435388,13.253187861458679,11.768051787427275,13.83689944023908,1.0868876767990567,1.0868876767990567,1.0868876767990567,1.2219650675267686,1.2219650675267686,1.2219650675267686,16.199434805415382,Safe ,
13.613738959435388,13.253187861458679,11.768051787427275,13.83689944023908,1.0868876767990567,1.0868876767990567,1.0868876767990567,1.2219650675267686,1.2219650675267686,1.2219650675267686,18.897608664928494,Safe ,
13.613738959435388,13.253187861458679,11.768051787427275,13.83689944023908,1.0868876767990567,1.0868876767990567,1.0868876767990567,1.2219650675267686,1.2219650675267686,1.2219650675267686,18.384398713425156,Safe ,
13.613738959435388,13.253187861458679,11.768051787427275,13.83689944023908,1.0868876767990567,1.0868876767990567,1.0868876767990567,1.2219650675267686,1.2219650675267686,1.2219650675267686,20.05569609981343,Safe ,
13.613738959435388,13.253187861458679,11.768051787427275,13.83689944023908,1.0868876767990567,1.0868876767990567,1.0868876767990567,1.2219650675267686,1.2219650675267686,1.2219650675267686,21.224659232596352,Safe ,
13.613738959435388,13.253187861458679,11.768051787427275,13.83689944023908,1.0868876767990567,1.0868876767990567,1.0868876767990567,1.2219650675267686,1.2219650675267686,1.2219650675267686,15.50323610267367,Safe ,
13.613738959435388,13.253187861458679,11.768051787427275,13.83689944023908,1.0868876767990567,1.0868876767990567,1.0868876767990567,1.2219650675267686,1.2219650675267686,1.2219650675267686,17.87048719191017,Safe ,
13.613738959435388,13.253187861458679,11.768051787427275,13.83689944023908,1.0868876767990567,1.0868876767990567,1.0868876767990567,1.2219650675267686,1.2219650675267686,1.2219650675267686,18.57116966191509,Safe ,
13.613738959435388,13.253187861458679,11.768051787427275,13.83689944023908,1.0868876767990567,1.0868876767990567,1.0868876767990567,1.2219650675267686,1.2219650675267686,1.2219650675267686,16.725481005302218,Safe ,
13.613738959435388,13.253187861458679,11.768051787427275,13.83689944023908,1.0868876767990567,1.0868876767990567,1.0868876767990567,1.2219650675267686,1.2219650675267686,1.2219650675267686,15.574650345285834,Safe ,
13.613738959435388,13.253187861458679,11.768051787427275,13.83689944023908,1.0868876767990567,1.0868876767990567,1.0868876767990567,1.2219650675267686,1.2219650675267686,1.2219650675267686,16.23589407144295,Safe ,
13.613738959435388,13.253187861458679,11.768051787427275,13.83689944023908,1.0868876767990567,1.0868876767990567,1.0868876767990567,1.2219650675267686,1.2219650675267686,1.2219650675267686,16.724011432921998,Safe ,
13.613738959435388,13.253187861458679,11.768051787427275,13.83689944023908,1.0868876767990567,1.0868876767990567,1.0868876767990567,1.2219650675267686,1.2219650675267686,1.2219650675267686,17.679821818430717,Safe ,
13.613738959435388,13.253187861458679,11.768051787427275,13.83689944023908,1.0868876767990567,1.0868876767990567,1.0868876767990567,1.2219650675267686,1.2219650675267686,1.2219650675267686,16.519572096733505,Safe ,
13.613738959435388,13.253187861458679,11.768051787427275,13.83689944023908,1.0868876767990567,1.0868876767990567,1.0868876767990567,1.2219650675267686,1.2219650675267686,1.2219650675267686,22.9450868001833,Safe ,
13.613738959435388,13.253187861458679,11.768051787427275,13.83689944023908,1.0868876767990567,1.0868876767990567,1.0868876767990567,1.2219650675267686,1.2219650675267686,1.2219650675267686,16.976063305602846,Safe ,
13.613738959435388,13.253187861458679,11.768051787427275,13.83689944023908,1.0868876767990567,1.0868876767990567,1.0868876767990567,1.2219650675267686,1.2219650675267686,1.2219650675267686,17.769151709649982,Safe ,
13.613738959435388,13.253187861458679,11.768051787427275,13.83689944023908,1.0868876767990567,1.0868876767990567,1.0868876767990567,1.2219650675267686,1.2219650675267686,1.2219650675267686,19.780003478448577,Safe ,
13.613738959435388,13.253187861458679,11.768051787427275,13.83689944023908,1.0868876767990567,1.0868876767990567,1.0868876767990567,1.2219650675267686,1.2219650675267686,1.2219650675267686,17.18450224385938,Safe ,
13.613738959435388,13.253187861458679,11.768051787427275,13.83689944023908,1.0868876767990567,1.0868876767990567,1.0868876767990567,1.2219650675267686,1.2219650675267686,1.2219650675267686,15.772546651500543,Safe ,
13.613738959435388,13.253187861458679,11.768051787427275,13.83689944023908,1.0868876767990567,1.0868876767990567,1.0868876767990567,1.2219650675267686,1.2219650675267686,1.2219650675267686,19.88648213816709,Safe ,
13.613738959435388,13.253187861458679,11.768051787427275,13.83689944023908,1.0868876767990567,1.0868876767990567,1.0868876767990567,1.2219650675267686,1.2219650675267686,1.2219650675267686,17.42745574106709,Safe ,
13.613738959435388,13.253187861458679,11.768051787427275,13.83689944023908,1.0868876767990567,1.0868876767990567,1.0868876767990567,1.2219650675267686,1.2219650675267686,1.2219650675267686,18.98523050368084,Safe ,
13.613738959435388,13.253187861458679,11.768051787427275,13.83689944023908,1.0868876767990567,1.0868876767990567,1.0868876767990567,1.2219650675267686,1.2219650675267686,1.2219650675267686,18.60151151059571,Safe ,
13.613738959435388,13.253187861458679,11.768051787427275,13.83689944023908,1.0868876767990567,1.0868876767990567,1.0868876767990567,1.2219650675267686,1.2219650675267686,1.2219650675267686,18.631492777901673,Safe ,
13.613738959435388,13.253187861458679,11.768051787427275,13.83689944023908,1.0868876767990567,1.0868876767990567,1.0868876767990567,1.2219650675267686,1.2219650675267686,1.2219650675267686,18.094308890300663,Safe ,
13.613738959435388,13.253187861458679,11.768051787427275,13.83689944023908,1.0868876767990567,1.0868876767990567,1.0868876767990567,1.2219650675267686,1.2219650675267686,1.2219650675267686,18.057498262419532,Safe ,
13.613738959435388,13.253187861458679,11.768051787427275,13.83689944023908,1.0868876767990567,1.0868876767990567,1.0868876767990567,1.2219650675267686,1.2219650675267686,1.2219650675267686,16.174748587933504,Safe ,
13.613738959435388,13.253187861458679,11.768051787427275,13.83689944023908,1.0868876767990567,1.0868876767990567,1.0868876767990567,1.2219650675267686,1.2219650675267686,1.2219650675267686,19.071980924405647,Safe ,
13.613738959435388,13.253187861458679,11.768051787427275,13.83689944023908,1.0868876767990567,1.0868876767990567,1.0868876767990567,1.2219650675267686,1.2219650675267686,1.2219650675267686,17.97518251006209,Safe ,
13.613738959435388,13.253187861458679,11.768051787427275,13.83689944023908,1.0868876767990567,1.0868876767990567,1.0868876767990567,1.2219650675267686,1.2219650675267686,1.2219650675267686,15.031191139121615,Safe ,
13.613738959435388,13.253187861458679,11.768051787427275,13.83689944023908,1.0868876767990567,1.0868876767990567,1.0868876767990567,1.2219650675267686,1.2219650675267686,1.2219650675267686,21.150811197503092,Safe ,
13.613738959435388,13.253187861458679,11.768051787427275,13.83689944023908,1.0868876767990567,1.0868876767990567,1.0868876767990567,1.2219650675267686,1.2219650675267686,1.2219650675267686,17.350999998159292,Safe ,
13.613738959435388,13.253187861458679,11.768051787427275,13.83689944023908,1.0868876767990567,1.0868876767990567,1.0868876767990567,1.2219650675267686,1.2219650675267686,1.2219650675267686,18.522670699594993,Safe ,
13.613738959435388,13.253187861458679,11.768051787427275,13.83689944023908,1.0868876767990567,1.0868876767990567,1.0868876767990567,1.2219650675267686,1.2219650675267686,1.2219650675267686,17.159351833983518,Safe ,
13.613738959435388,13.253187861458679,11.768051787427275,13.83689944023908,1.0868876767990567,1.0868876767990567,1.0868876767990567,1.2219650675267686,1.2219650675267686,1.2219650675267686,15.565123282927551,Safe ,
13.613738959435388,13.253187861458679,11.768051787427275,13.83689944023908,1.0868876767990567,1.0868876767990567,1.0868876767990567,1.2219650675267686,1.2219650675267686,1.2219650675267686,17.711930002704634,Safe ,
13.613738959435388,13.253187861458679,11.768051787427275,13.83689944023908,1.0868876767990567,1.0868876767990567,1.0868876767990567,1.2219650675267686,1.2219650675267686,1.2219650675267686,16.91811722720725,Safe ,
13.613738959435388,13.253187861458679,11.768051787427275,13.83689944023908,1.0868876767990567,1.0868876767990567,1.0868876767990567,1.2219650675267686,1.2219650675267686,1.2219650675267686,16.616172009683083,Safe ,
13.613738959435388,13.253187861458679,11.768051787427275,13.83689944023908,1.0868876767990567,1.0868876767990567,1.0868876767990567,1.2219650675267686,1.2219650675267686,1.2219650675267686,17.548170073350892,Safe ,
13.613738959435388,13.253187861458679,11.768051787427275,13.83689944023908,1.0868876767990567,1.0868876767990567,1.0868876767990567,1.2219650675267686,1.2219650675267686,1.2219650675267686,16.82280440740936,Safe ,
13.613738959435388,13.253187861458679,11.768051787427275,13.83689944023908,1.0868876767990567,1.0868876767990567,1.0868876767990567,1.2219650675267686,1.2219650675267686,1.2219650675267686,15.469263469797337,Safe ,
13.613738959435388,13.253187861458679,11.768051787427275,13.83689944023908,1.0868876767990567,1.0868876767990567,1.0868876767990567,1.2219650675267686,1.2219650675267686,1.2219650675267686,17.888769508618076,Safe ,
13.613738959435388,13.253187861458679,11.768051787427275,13.83689944023908,1.0868876767990567,1.0868876767990567,1.0868876767990567,1.2219650675267686,1.2219650675267686,1.2219650675267686,17.057969325735677,Safe ,
13.613738959435388,13.253187861458679,11.768051787427275,13.83689944023908,1.0868876767990567,1.0868876767990567,1.0868876767990567,1.2219650675267686,1.2219650675267686,1.2219650675267686,20.07796881752435,Safe ,
13.613738959435388,13.253187861458679,11.768051787427275,13.83689944023908,1.0868876767990567,1.0868876767990567,1.0868876767990567,1.2219650675267686,1.2219650675267686,1.2219650675267686,20.15198552719786,Safe ,
13.613738959435388,13.253187861458679,11.768051787427275,13.83689944023908,1.0868876767990567,1.0868876767990567,1.0868876767990567,1.2219650675267686,1.2219650675267686,1.2219650675267686,20.920438578281587,Safe ,
13.613738959435388,13.253187861458679,11.768051787427275,13.83689944023908,1.0868876767990567,1.0868876767990567,1.0868876767990567,1.2219650675267686,1.2219650675267686,1.2219650675267686,17.849611534704646,Safe ,
13.613738959435388,13.253187861458679,11.768051787427275,13.83689944023908,1.0868876767990567,1.0868876767990567,1.0868876767990567,1.2219650675267686,1.2219650675267686,1.2219650675267686,19.3979957244486,Safe ,
13.613738959435388,13.253187861458679,11.768051787427275,13.83689944023908,1.0868876767990567,1.0868876767990567,1.0868876767990567,1.2219650675267686,1.2219650675267686,1.2219650675267686,16.20044398760489,Safe ,
13.613738959435388,13.253187861458679,11.768051787427275,13.83689944023908,1.0868876767990567,1.0868876767990567,1.0868876767990567,1.2219650675267686,1.2219650675267686,1.2219650675267686,18.548240319398676,Safe ,
13.613738959435388,13.253187861458679,11.768051787427275,13.83689944023908,1.0868876767990567,1.0868876767990567,1.0868876767990567,1.2219650675267686,1.2219650675267686,1.2219650675267686,17.313089914844884,Safe ,
13.613738959435388,13.253187861458679,11.768051787427275,13.83689944023908,1.0868876767990567,1.0868876767990567,1.0868876767990567,1.2219650675267686,1.2219650675267686,1.2219650675267686,17.32985458668852,Safe ,
13.613738959435388,13.253187861458679,11.768051787427275,13.83689944023908,1.0868876767990567,1.0868876767990567,1.0868876767990567,1.2219650675267686,1.2219650675267686,1.2219650675267686,17.28575602559159,Safe ,
13.613738959435388,13.253187861458679,11.768051787427275,13.83689944023908,1.0868876767990567,1.0868876767990567,1.0868876767990567,1.2219650675267686,1.2219650675267686,1.2219650675267686,21.069459402379472,Safe ,
13.613738959435388,13.253187861458679,11.768051787427275,13.83689944023908,1.0868876767990567,1.0868876767990567,1.0868876767990567,1.2219650675267686,1.2219650675267686,1.2219650675267686,19.62838944011447,Safe ,
13.613738959435388,13.253187861458679,11.768051787427275,13.83689944023908,1.0868876767990567,1.0868876767990567,1.0868876767990567,1.2219650675267686,1.2219650675267686,1.2219650675267686,18.101823835043565,Safe ,
13.613738959435388,13.253187861458679,11.768051787427275,13.83689944023908,1.0868876767990567,1.0868876767990567,1.0868876767990567,1.2219650675267686,1.2219650675267686,1.2219650675267686,19.117968429073994,Safe ,
13.613738959435388,13.253187861458679,11.768051787427275,13.83689944023908,1.0868876767990567,1.0868876767990567,1.0868876767990567,1.2219650675267686,1.2219650675267686,1.2219650675267686,17.652398656303195,Safe ,
13.613738959435388,13.253187861458679,11.768051787427275,13.83689944023908,1.0868876767990567,1.0868876767990567,1.0868876767990567,1.2219650675267686,1.2219650675267686,1.2219650675267686,14.22742249437255,Safe ,
13.613738959435388,13.253187861458679,11.768051787427275,13.83689944023908,1.0868876767990567,1.0868876767990567,1.0868876767990567,1.2219650675267686,1.2219650675267686,1.2219650675267686,16.431147625065503,Safe ,
13.613738959435388,13.253187861458679,11.768051787427275,13.83689944023908,1.0868876767990567,1.0868876767990567,1.0868876767990567,1.2219650675267686,1.2219650675267686,1.2219650675267686,20.989396636304658,Safe ,
13.613738959435388,13.253187861458679,11.768051787427275,13.83689944023908,1.0868876767990567,1.0868876767990567,1.0868876767990567,1.2219650675267686,1.2219650675267686,1.2219650675267686,18.67892070582727,Safe ,
13.613738959435388,13.253187861458679,11.768051787427275,13.83689944023908,1.0868876767990567,1.0868876767990567,1.0868876767990567,1.2219650675267686,1.2219650675267686,1.2219650675267686,16.42693498460561,Safe ,
13.613738959435388,13.253187861458679,11.768051787427275,13.83689944023908,1.0868876767990567,1.0868876767990567,1.0868876767990567,1.2219650675267686,1.2219650675267686,1.2219650675267686,19.616854823737405,Safe ,
13.613738959435388,13.253187861458679,11.768051787427275,13.83689944023908,1.0868876767990567,1.0868876767990567,1.0868876767990567,1.2219650675267686,1.2219650675267686,1.2219650675267686,20.269268428420855,Safe ,
13.613738959435388,13.253187861458679,11.768051787427275,13.83689944023908,1.0868876767990567,1.0868876767990567,1.0868876767990567,1.2219650675267686,1.2219650675267686,1.2219650675267686,16.31892860822537,Safe ,
13.613738959435388,13.253187861458679,11.768051787427275,13.83689944023908,1.0868876767990567,1.0868876767990567,1.0868876767990567,1.2219650675267686,1.2219650675267686,1.2219650675267686,17.582909856549712,Safe ,
13.613738959435388,13.253187861458679,11.768051787427275,13.83689944023908,1.0868876767990567,1.0868876767990567,1.0868876767990567,1.2219650675267686,1.2219650675267686,1.2219650675267686,19.320003142988025,Safe ,
13.613738959435388,13.253187861458679,11.768051787427275,13.83689944023908,1.0868876767990567,1.0868876767990567,1.0868876767990567,1.2219650675267686,1.2219650675267686,1.2219650675267686,18.447065988844447,Safe ,
13.613738959435388,13.253187861458679,11.768051787427275,13.83689944023908,1.0868876767990567,1.0868876767990567,1.0868876767990567,1.2219650675267686,1.2219650675267686,1.2219650675267686,16.065227799857656,Safe ,
13.613738959435388,13.253187861458679,11.768051787427275,13.83689944023908,1.0868876767990567,1.0868876767990567,1.0868876767990567,1.2219650675267686,1.2219650675267686,1.2219650675267686,16.950529939852398,Safe ,
13.613738959435388,13.253187861458679,11.768051787427275,13.83689944023908,1.0868876767990567,1.0868876767990567,1.0868876767990567,1.2219650675267686,1.2219650675267686,1.2219650675267686,15.215107318374383,Safe ,
13.613738959435388,13.253187861458679,11.768051787427275,13.83689944023908,1.0868876767990567,1.0868876767990567,1.0868876767990567,1.2219650675267686,1.2219650675267686,1.2219650675267686,19.448269689404302,Safe ,
13.613738959435388,13.253187861458679,11.768051787427275,13.83689944023908,1.0868876767990567,1.0868876767990567,1.0868876767990567,1.2219650675267686,1.2219650675267686,1.2219650675267686,19.80399528525947,Safe ,
13.613738959435388,13.253187861458679,11.768051787427275,13.83689944023908,1.0868876767990567,1.0868876767990567,1.0868876767990567,1.2219650675267686,1.2219650675267686,1.2219650675267686,18.78700846662019,Safe ,
13.613738959435388,13.253187861458679,11.768051787427275,13.83689944023908,1.0868876767990567,1.0868876767990567,1.0868876767990567,1.2219650675267686,1.2219650675267686,1.2219650675267686,18.046146864007422,Safe ,
13.613738959435388,13.253187861458679,11.768051787427275,13.83689944023908,1.0868876767990567,1.0868876767990567,1.0868876767990567,1.2219650675267686,1.2219650675267686,1.2219650675267686,19.5843180258493,Safe ,
13.613738959435388,13.253187861458679,11.768051787427275,13.83689944023908,1.0868876767990567,1.0868876767990567,1.0868876767990567,1.2219650675267686,1.2219650675267686,1.2219650675267686,19.135195552201953,Safe ,
13.613738959435388,13.253187861458679,11.768051787427275,13.83689944023908,1.0868876767990567,1.0868876767990567,1.0868876767990567,1.2219650675267686,1.2219650675267686,1.2219650675267686,15.363699481823163,Safe ,
13.613738959435388,13.253187861458679,11.768051787427275,13.83689944023908,1.0868876767990567,1.0868876767990567,1.0868876767990567,1.2219650675267686,1.2219650675267686,1.2219650675267686,17.55972298097502,Safe ,
13.613738959435388,13.253187861458679,11.768051787427275,13.83689944023908,1.0868876767990567,1.0868876767990567,1.0868876767990567,1.2219650675267686,1.2219650675267686,1.2219650675267686,16.52496720677121,Safe ,
13.613738959435388,13.253187861458679,11.768051787427275,13.83689944023908,1.0868876767990567,1.0868876767990567,1.0868876767990567,1.2219650675267686,1.2219650675267686,1.2219650675267686,15.226246706197827,Safe ,
13.613738959435388,13.253187861458679,11.768051787427275,13.83689944023908,1.0868876767990567,1.0868876767990567,1.0868876767990567,1.2219650675267686,1.2219650675267686,1.2219650675267686,18.165422296055706,Safe ,
13.613738959435388,13.253187861458679,11.768051787427275,13.83689944023908,1.0868876767990567,1.0868876767990567,1.0868876767990567,1.2219650675267686,1.2219650675267686,1.2219650675267686,17.012239482879618,Safe ,
13.613738959435388,13.253187861458679,11.768051787427275,13.83689944023908,1.0868876767990567,1.0868876767990567,1.0868876767990567,1.2219650675267686,1.2219650675267686,1.2219650675267686,15.109260748943905,Safe ,
13.613738959435388,13.253187861458679,11.768051787427275,13.83689944023908,1.0868876767990567,1.0868876767990567,1.0868876767990567,1.2219650675267686,1.2219650675267686,1.2219650675267686,18.939284849692154,Safe ,
13.613738959435388,13.253187861458679,11.768051787427275,13.83689944023908,1.0868876767990567,1.0868876767990567,1.0868876767990567,1.2219650675267686,1.2219650675267686,1.2219650675267686,17.87583857277247,Safe ,
13.613738959435388,13.253187861458679,11.768051787427275,13.83689944023908,1.0868876767990567,1.0868876767990567,1.0868876767990567,1.2219650675267686,1.2219650675267686,1.2219650675267686,19.12738725776847,Safe ,
13.613738959435388,13.253187861458679,11.768051787427275,13.83689944023908,1.0868876767990567,1.0868876767990567,1.0868876767990567,1.2219650675267686,1.2219650675267686,1.2219650675267686,17.500278423338138,Safe ,
13.613738959435388,13.253187861458679,11.768051787427275,13.83689944023908,1.0868876767990567,1.0868876767990567,1.0868876767990567,1.2219650675267686,1.2219650675267686,1.2219650675267686,14.884244452287362,Safe ,
13.613738959435388,13.253187861458679,11.768051787427275,13.83689944023908,1.0868876767990567,1.0868876767990567,1.0868876767990567,1.2219650675267686,1.2219650675267686,1.2219650675267686,18.277594771487465,Safe ,
13.613738959435388,13.253187861458679,11.768051787427275,13.83689944023908,1.0868876767990567,1.0868876767990567,1.0868876767990567,1.2219650675267686,1.2219650675267686,1.2219650675267686,19.691842489465095,Safe ,
13.613738959435388,13.253187861458679,11.768051787427275,13.83689944023908,1.0868876767990567,1.0868876767990567,1.0868876767990567,1.2219650675267686,1.2219650675267686,1.2219650675267686,18.72169999959323,Safe ,
13.613738959435388,13.253187861458679,11.768051787427275,13.83689944023908,1.0868876767990567,1.0868876767990567,1.0868876767990567,1.2219650675267686,1.2219650675267686,1.2219650675267686,21.441040373665203,Safe ,
13.613738959435388,13.253187861458679,11.768051787427275,13.83689944023908,1.0868876767990567,1.0868876767990567,1.0868876767990567,1.2219650675267686,1.2219650675267686,1.2219650675267686,19.007155021881644,Safe ,
13.613738959435388,13.253187861458679,11.768051787427275,13.83689944023908,1.0868876767990567,1.0868876767990567,1.0868876767990567,1.2219650675267686,1.2219650675267686,1.2219650675267686,17.331619956939253,Safe ,
13.613738959435388,13.253187861458679,11.768051787427275,13.83689944023908,1.0868876767990567,1.0868876767990567,1.0868876767990567,1.2219650675267686,1.2219650675267686,1.2219650675267686,17.82125114955969,Safe ,
13.613738959435388,13.253187861458679,11.768051787427275,13.83689944023908,1.0868876767990567,1.0868876767990567,1.0868876767990567,1.2219650675267686,1.2219650675267686,1.2219650675267686,17.794059029175486,Safe ,
13.613738959435388,13.253187861458679,11.768051787427275,13.83689944023908,1.0868876767990567,1.0868876767990567,1.0868876767990567,1.2219650675267686,1.2219650675267686,1.2219650675267686,15.377671874135519,Safe ,
13.613738959435388,13.253187861458679,11.768051787427275,13.83689944023908,1.0868876767990567,1.0868876767990567,1.0868876767990567,1.2219650675267686,1.2219650675267686,1.2219650675267686,21.201434018594522,Safe ,
13.613738959435388,13.253187861458679,11.768051787427275,13.83689944023908,1.0868876767990567,1.0868876767990567,1.0868876767990567,1.2219650675267686,1.2219650675267686,1.2219650675267686,20.51947407007738,Safe ,
13.613738959435388,13.253187861458679,11.768051787427275,13.83689944023908,1.0868876767990567,1.0868876767990567,1.0868876767990567,1.2219650675267686,1.2219650675267686,1.2219650675267686,16.260649601011487,Safe ,
13.613738959435388,13.253187861458679,11.768051787427275,13.83689944023908,1.0868876767990567,1.0868876767990567,1.0868876767990567,1.2219650675267686,1.2219650675267686,1.2219650675267686,18.55281976693014,Safe ,
13.613738959435388,13.253187861458679,11.768051787427275,13.83689944023908,1.0868876767990567,1.0868876767990567,1.0868876767990567,1.2219650675267686,1.2219650675267686,1.2219650675267686,16.279481387698848,Safe ,
13.613738959435388,13.253187861458679,11.768051787427275,13.83689944023908,1.0868876767990567,1.0868876767990567,1.0868876767990567,1.2219650675267686,1.2219650675267686,1.2219650675267686,20.133542613797864,Safe ,
13.613738959435388,13.253187861458679,11.768051787427275,13.83689944023908,1.0868876767990567,1.0868876767990567,1.0868876767990567,1.2219650675267686,1.2219650675267686,1.2219650675267686,19.42972915815405,Safe ,
13.613738959435388,13.253187861458679,11.768051787427275,13.83689944023908,1.0868876767990567,1.0868876767990567,1.0868876767990567,1.2219650675267686,1.2219650675267686,1.2219650675267686,16.90433044850302,Safe ,
13.613738959435388,13.253187861458679,11.768051787427275,13.83689944023908,1.0868876767990567,1.0868876767990567,1.0868876767990567,1.2219650675267686,1.2219650675267686,1.2219650675267686,17.48548564722121,Safe ,
13.613738959435388,13.253187861458679,11.768051787427275,13.83689944023908,1.0868876767990567,1.0868876767990567,1.0868876767990567,1.2219650675267686,1.2219650675267686,1.2219650675267686,18.138721308994164,Safe ,
13.613738959435388,13.253187861458679,11.768051787427275,13.83689944023908,1.0868876767990567,1.0868876767990567,1.0868876767990567,1.2219650675267686,1.2219650675267686,1.2219650675267686,19.66552174722291,Safe ,
13.613738959435388,13.253187861458679,11.768051787427275,13.83689944023908,1.0868876767990567,1.0868876767990567,1.0868876767990567,1.2219650675267686,1.2219650675267686,1.2219650675267686,17.738921591122516,Safe ,
13.613738959435388,13.253187861458679,11.768051787427275,13.83689944023908,1.0868876767990567,1.0868876767990567,1.0868876767990567,1.2219650675267686,1.2219650675267686,1.2219650675267686,16.26475646566526,Safe ,
13.613738959435388,13.253187861458679,11.768051787427275,13.83689944023908,1.0868876767990567,1.0868876767990567,1.0868876767990567,1.2219650675267686,1.2219650675267686,1.2219650675267686,19.78278317033771,Safe ,
13.613738959435388,13.253187861458679,11.768051787427275,13.83689944023908,1.0868876767990567,1.0868876767990567,1.0868876767990567,1.2219650675267686,1.2219650675267686,1.2219650675267686,19.429813054684484,Safe ,
13.613738959435388,13.253187861458679,11.768051787427275,13.83689944023908,1.0868876767990567,1.0868876767990567,1.0868876767990567,1.2219650675267686,1.2219650675267686,1.2219650675267686,15.728667352562466,Safe ,
13.613738959435388,13.253187861458679,11.768051787427275,13.83689944023908,1.0868876767990567,1.0868876767990567,1.0868876767990567,1.2219650675267686,1.2219650675267686,1.2219650675267686,15.254660788072227,Safe ,
13.613738959435388,13.253187861458679,11.768051787427275,13.83689944023908,1.0868876767990567,1.0868876767990567,1.0868876767990567,1.2219650675267686,1.2219650675267686,1.2219650675267686,15.505549176510755,Safe ,
13.613738959435388,13.253187861458679,11.768051787427275,13.83689944023908,1.0868876767990567,1.0868876767990567,1.0868876767990567,1.2219650675267686,1.2219650675267686,1.2219650675267686,16.011903180608947,Safe ,
13.613738959435388,13.253187861458679,11.768051787427275,13.83689944023908,1.0868876767990567,1.0868876767990567,1.0868876767990567,1.2219650675267686,1.2219650675267686,1.2219650675267686,17.5436728915355,Safe ,
13.613738959435388,13.253187861458679,11.768051787427275,13.83689944023908,1.0868876767990567,1.0868876767990567,1.0868876767990567,1.2219650675267686,1.2219650675267686,1.2219650675267686,16.38982613230754,Safe ,
13.613738959435388,13.253187861458679,11.768051787427275,13.83689944023908,1.0868876767990567,1.0868876767990567,1.0868876767990567,1.2219650675267686,1.2219650675267686,1.2219650675267686,16.431460678963127,Safe ,
13.613738959435388,13.253187861458679,11.768051787427275,13.83689944023908,1.0868876767990567,1.0868876767990567,1.0868876767990567,1.2219650675267686,1.2219650675267686,1.2219650675267686,15.827798356591881,Safe ,
13.613738959435388,13.253187861458679,11.768051787427275,13.83689944023908,1.0868876767990567,1.0868876767990567,1.0868876767990567,1.2219650675267686,1.2219650675267686,1.2219650675267686,20.484427508655113,Safe ,
13.613738959435388,13.253187861458679,11.768051787427275,13.83689944023908,1.0868876767990567,1.0868876767990567,1.0868876767990567,1.2219650675267686,1.2219650675267686,1.2219650675267686,18.855220564113853,Safe ,
13.613738959435388,13.253187861458679,11.768051787427275,13.83689944023908,1.0868876767990567,1.0868876767990567,1.0868876767990567,1.2219650675267686,1.2219650675267686,1.2219650675267686,18.574343320488786,Safe ,
13.613738959435388,13.253187861458679,11.768051787427275,13.83689944023908,1.0868876767990567,1.0868876767990567,1.0868876767990567,1.2219650675267686,1.2219650675267686,1.2219650675267686,16.301004496454983,Safe ,
13.613738959435388,13.253187861458679,11.768051787427275,13.83689944023908,1.0868876767990567,1.0868876767990567,1.0868876767990567,1.2219650675267686,1.2219650675267686,1.2219650675267686,15.896902044212252,Safe ,
13.613738959435388,13.253187861458679,11.768051787427275,13.83689944023908,1.0868876767990567,1.0868876767990567,1.0868876767990567,1.2219650675267686,1.2219650675267686,1.2219650675267686,16.0578002165384,Safe ,
13.613738959435388,13.253187861458679,11.768051787427275,13.83689944023908,1.0868876767990567,1.0868876767990567,1.0868876767990567,1.2219650675267686,1.2219650675267686,1.2219650675267686,15.926991140151804,Safe ,
13.613738959435388,13.253187861458679,11.768051787427275,13.83689944023908,1.0868876767990567,1.0868876767990567,1.0868876767990567,1.2219650675267686,1.2219650675267686,1.2219650675267686,19.750985325953142,Safe ,
13.613738959435388,13.253187861458679,11.768051787427275,13.83689944023908,1.0868876767990567,1.0868876767990567,1.0868876767990567,1.2219650675267686,1.2219650675267686,1.2219650675267686,16.76306128436781,Safe ,
13.613738959435388,13.253187861458679,11.768051787427275,13.83689944023908,1.0868876767990567,1.0868876767990567,1.0868876767990567,1.2219650675267686,1.2219650675267686,1.2219650675267686,18.256291149739237,Safe ,
13.613738959435388,13.253187861458679,11.768051787427275,13.83689944023908,1.0868876767990567,1.0868876767990567,1.0868876767990567,1.2219650675267686,1.2219650675267686,1.2219650675267686,17.867051567931064,Safe ,
13.613738959435388,13.253187861458679,11.768051787427275,13.83689944023908,1.0868876767990567,1.0868876767990567,1.0868876767990567,1.2219650675267686,1.2219650675267686,1.2219650675267686,18.50601216977896,Safe ,
13.613738959435388,13.253187861458679,11.768051787427275,13.83689944023908,1.0868876767990567,1.0868876767990567,1.0868876767990567,1.2219650675267686,1.2219650675267686,1.2219650675267686,19.166485148444433,Safe ,
13.613738959435388,13.253187861458679,11.768051787427275,13.83689944023908,1.0868876767990567,1.0868876767990567,1.0868876767990567,1.2219650675267686,1.2219650675267686,1.2219650675267686,18.297726249048388,Safe ,
13.613738959435388,13.253187861458679,11.768051787427275,13.83689944023908,1.0868876767990567,1.0868876767990567,1.0868876767990567,1.2219650675267686,1.2219650675267686,1.2219650675267686,18.63223837321229,Safe ,
13.613738959435388,13.253187861458679,11.768051787427275,13.83689944023908,1.0868876767990567,1.0868876767990567,1.0868876767990567,1.2219650675267686,1.2219650675267686,1.2219650675267686,18.430675837468034,Safe ,
13.613738959435388,13.253187861458679,11.768051787427275,13.83689944023908,1.0868876767990567,1.0868876767990567,1.0868876767990567,1.2219650675267686,1.2219650675267686,1.2219650675267686,19.00911303829076,Safe ,
13.613738959435388,13.253187861458679,11.768051787427275,13.83689944023908,1.0868876767990567,1.0868876767990567,1.0868876767990567,1.2219650675267686,1.2219650675267686,1.2219650675267686,16.626553466084186,Safe ,
13.613738959435388,13.253187861458679,11.768051787427275,13.83689944023908,1.0868876767990567,1.0868876767990567,1.0868876767990567,1.2219650675267686,1.2219650675267686,1.2219650675267686,16.359896179412136,Safe ,
13.613738959435388,13.253187861458679,11.768051787427275,13.83689944023908,1.0868876767990567,1.0868876767990567,1.0868876767990567,1.2219650675267686,1.2219650675267686,1.2219650675267686,19.879084703781057,Safe ,
13.613738959435388,13.253187861458679,11.768051787427275,13.83689944023908,1.0868876767990567,1.0868876767990567,1.0868876767990567,1.2219650675267686,1.2219650675267686,1.2219650675267686,16.656798266019752,Safe ,
13.613738959435388,13.253187861458679,11.768051787427275,13.83689944023908,1.0868876767990567,1.0868876767990567,1.0868876767990567,1.2219650675267686,1.2219650675267686,1.2219650675267686,20.232062058347495,Safe ,
13.613738959435388,13.253187861458679,11.768051787427275,13.83689944023908,1.0868876767990567,1.0868876767990567,1.0868876767990567,1.2219650675267686,1.2219650675267686,1.2219650675267686,18.38548389063086,Safe ,
13.613738959435388,13.253187861458679,11.768051787427275,13.83689944023908,1.0868876767990567,1.0868876767990567,1.0868876767990567,1.2219650675267686,1.2219650675267686,1.2219650675267686,17.98049983258699,Safe ,
13.613738959435388,13.253187861458679,11.768051787427275,13.83689944023908,1.0868876767990567,1.0868876767990567,1.0868876767990567,1.2219650675267686,1.2219650675267686,1.2219650675267686,18.918129188133932,Safe ,
13.613738959435388,13.253187861458679,11.768051787427275,13.83689944023908,1.0868876767990567,1.0868876767990567,1.0868876767990567,1.2219650675267686,1.2219650675267686,1.2219650675267686,17.439198185802194,Safe ,
13.613738959435388,13.253187861458679,11.768051787427275,13.83689944023908,1.0868876767990567,1.0868876767990567,1.0868876767990567,1.2219650675267686,1.2219650675267686,1.2219650675267686,20.40356682928682,Safe ,
13.613738959435388,13.253187861458679,11.768051787427275,13.83689944023908,1.0868876767990567,1.0868876767990567,1.0868876767990567,1.2219650675267686,1.2219650675267686,1.2219650675267686,16.2237535051349,Safe ,
13.613738959435388,13.253187861458679,11.768051787427275,13.83689944023908,1.0868876767990567,1.0868876767990567,1.0868876767990567,1.2219650675267686,1.2219650675267686,1.2219650675267686,17.388120635225093,Safe ,
13.613738959435388,13.253187861458679,11.768051787427275,13.83689944023908,1.0868876767990567,1.0868876767990567,1.0868876767990567,1.2219650675267686,1.2219650675267686,1.2219650675267686,15.692824720381225,Safe ,
13.613738959435388,13.253187861458679,11.768051787427275,13.83689944023908,1.0868876767990567,1.0868876767990567,1.0868876767990567,1.2219650675267686,1.2219650675267686,1.2219650675267686,18.65447741451623,Safe ,
13.613738959435388,13.253187861458679,11.768051787427275,13.83689944023908,1.0868876767990567,1.0868876767990567,1.0868876767990567,1.2219650675267686,1.2219650675267686,1.2219650675267686,19.78353206840328,Safe ,
13.613738959435388,13.253187861458679,11.768051787427275,13.83689944023908,1.0868876767990567,1.0868876767990567,1.0868876767990567,1.2219650675267686,1.2219650675267686,1.2219650675267686,18.427117196230643,Safe ,
13.613738959435388,13.253187861458679,11.768051787427275,13.83689944023908,1.0868876767990567,1.0868876767990567,1.0868876767990567,1.2219650675267686,1.2219650675267686,1.2219650675267686,21.11197473248918,Safe ,
13.613738959435388,13.253187861458679,11.768051787427275,13.83689944023908,1.0868876767990567,1.0868876767990567,1.0868876767990567,1.2219650675267686,1.2219650675267686,1.2219650675267686,20.1173710904079,Safe ,
13.613738959435388,13.253187861458679,11.768051787427275,13.83689944023908,1.0868876767990567,1.0868876767990567,1.0868876767990567,1.2219650675267686,1.2219650675267686,1.2219650675267686,16.29976409765475,Safe ,
13.613738959435388,13.253187861458679,11.768051787427275,13.83689944023908,1.0868876767990567,1.0868876767990567,1.0868876767990567,1.2219650675267686,1.2219650675267686,1.2219650675267686,17.336553432611904,Safe ,
13.613738959435388,13.253187861458679,11.768051787427275,13.83689944023908,1.0868876767990567,1.0868876767990567,1.0868876767990567,1.2219650675267686,1.2219650675267686,1.2219650675267686,15.479625061827981,Safe ,
13.613738959435388,13.253187861458679,11.768051787427275,13.83689944023908,1.0868876767990567,1.0868876767990567,1.0868876767990567,1.2219650675267686,1.2219650675267686,1.2219650675267686,18.486005841514732,Safe ,
13.613738959435388,13.253187861458679,11.768051787427275,13.83689944023908,1.0868876767990567,1.0868876767990567,1.0868876767990567,1.2219650675267686,1.2219650675267686,1.2219650675267686,19.3463016097177,Safe ,
13.613738959435388,13.253187861458679,11.768051787427275,13.83689944023908,1.0868876767990567,1.0868876767990567,1.0868876767990567,1.2219650675267686,1.2219650675267686,1.2219650675267686,16.334211803018245,Safe ,
13.613738959435388,13.253187861458679,11.768051787427275,13.83689944023908,1.0868876767990567,1.0868876767990567,1.0868876767990567,1.2219650675267686,1.2219650675267686,1.2219650675267686,14.178329403548934,Safe ,
13.613738959435388,13.253187861458679,11.768051787427275,13.83689944023908,1.0868876767990567,1.0868876767990567,1.0868876767990567,1.2219650675267686,1.2219650675267686,1.2219650675267686,18.494760820168093,Safe ,
13.613738959435388,13.253187861458679,11.768051787427275,13.83689944023908,1.0868876767990567,1.0868876767990567,1.0868876767990567,1.2219650675267686,1.2219650675267686,1.2219650675267686,18.789006121888328,Safe ,
13.613738959435388,13.253187861458679,11.768051787427275,13.83689944023908,1.0868876767990567,1.0868876767990567,1.0868876767990567,1.2219650675267686,1.2219650675267686,1.2219650675267686,16.481573325667622,Safe ,
13.613738959435388,13.253187861458679,11.768051787427275,13.83689944023908,1.0868876767990567,1.0868876767990567,1.0868876767990567,1.2219650675267686,1.2219650675267686,1.2219650675267686,16.716998419518884,Safe ,
13.613738959435388,13.253187861458679,11.768051787427275,13.83689944023908,1.0868876767990567,1.0868876767990567,1.0868876767990567,1.2219650675267686,1.2219650675267686,1.2219650675267686,15.518756163916454,Safe ,
13.613738959435388,13.253187861458679,11.768051787427275,13.83689944023908,1.0868876767990567,1.0868876767990567,1.0868876767990567,1.2219650675267686,1.2219650675267686,1.2219650675267686,15.964232036501429,Safe ,
13.613738959435388,13.253187861458679,11.768051787427275,13.83689944023908,1.0868876767990567,1.0868876767990567,1.0868876767990567,1.2219650675267686,1.2219650675267686,1.2219650675267686,17.63540580429258,Safe ,
13.613738959435388,13.253187861458679,11.768051787427275,13.83689944023908,1.0868876767990567,1.0868876767990567,1.0868876767990567,1.2219650675267686,1.2219650675267686,1.2219650675267686,17.59790536361351,Safe ,
13.613738959435388,13.253187861458679,11.768051787427275,13.83689944023908,1.0868876767990567,1.0868876767990567,1.0868876767990567,1.2219650675267686,1.2219650675267686,1.2219650675267686,18.156228854297456,Safe ,
13.613738959435388,13.253187861458679,11.768051787427275,13.83689944023908,1.0868876767990567,1.0868876767990567,1.0868876767990567,1.2219650675267686,1.2219650675267686,1.2219650675267686,16.28282058932396,Safe ,
13.613738959435388,13.253187861458679,11.768051787427275,13.83689944023908,1.0868876767990567,1.0868876767990567,1.0868876767990567,1.2219650675267686,1.2219650675267686,1.2219650675267686,19.232067750635366,Safe ,
13.613738959435388,13.253187861458679,11.768051787427275,13.83689944023908,1.0868876767990567,1.0868876767990567,1.0868876767990567,1.2219650675267686,1.2219650675267686,1.2219650675267686,14.46188757549874,Safe ,
13.613738959435388,13.253187861458679,11.768051787427275,13.83689944023908,1.0868876767990567,1.0868876767990567,1.0868876767990567,1.2219650675267686,1.2219650675267686,1.2219650675267686,16.300662704430195,Safe ,
13.613738959435388,13.253187861458679,11.768051787427275,13.83689944023908,1.0868876767990567,1.0868876767990567,1.0868876767990567,1.2219650675267686,1.2219650675267686,1.2219650675267686,18.389702005750344,Safe ,
13.613738959435388,13.253187861458679,11.768051787427275,13.83689944023908,1.0868876767990567,1.0868876767990567,1.0868876767990567,1.2219650675267686,1.2219650675267686,1.2219650675267686,19.470988694361765,Safe ,
13.613738959435388,13.253187861458679,11.768051787427275,13.83689944023908,1.0868876767990567,1.0868876767990567,1.0868876767990567,1.2219650675267686,1.2219650675267686,1.2219650675267686,18.65914442254045,Safe ,
13.613738959435388,13.253187861458679,11.768051787427275,13.83689944023908,1.0868876767990567,1.0868876767990567,1.0868876767990567,1.2219650675267686,1.2219650675267686,1.2219650675267686,18.935018728360678,Safe ,
13.613738959435388,13.253187861458679,11.768051787427275,13.83689944023908,1.0868876767990567,1.0868876767990567,1.0868876767990567,1.2219650675267686,1.2219650675267686,1.2219650675267686,17.598748504953143,Safe ,
13.613738959435388,13.253187861458679,11.768051787427275,13.83689944023908,1.0868876767990567,1.0868876767990567,1.0868876767990567,1.2219650675267686,1.2219650675267686,1.2219650675267686,16.250927669783938,Safe ,
13.613738959435388,13.253187861458679,11.768051787427275,13.83689944023908,1.0868876767990567,1.0868876767990567,1.0868876767990567,1.2219650675267686,1.2219650675267686,1.2219650675267686,18.516878750787026,Safe ,
13.613738959435388,13.253187861458679,11.768051787427275,13.83689944023908,1.0868876767990567,1.0868876767990567,1.0868876767990567,1.2219650675267686,1.2219650675267686,1.2219650675267686,19.100095107046627,Safe ,
13.613738959435388,13.253187861458679,11.768051787427275,13.83689944023908,1.0868876767990567,1.0868876767990567,1.0868876767990567,1.2219650675267686,1.2219650675267686,1.2219650675267686,18.680555134206983,Safe ,
13.613738959435388,13.253187861458679,11.768051787427275,13.83689944023908,1.0868876767990567,1.0868876767990567,1.0868876767990567,1.2219650675267686,1.2219650675267686,1.2219650675267686,17.446525226493726,Safe ,
13.613738959435388,13.253187861458679,11.768051787427275,13.83689944023908,1.0868876767990567,1.0868876767990567,1.0868876767990567,1.2219650675267686,1.2219650675267686,1.2219650675267686,16.877433352062265,Safe ,
13.613738959435388,13.253187861458679,11.768051787427275,13.83689944023908,1.0868876767990567,1.0868876767990567,1.0868876767990567,1.2219650675267686,1.2219650675267686,1.2219650675267686,17.110943793425694,Safe ,
13.613738959435388,13.253187861458679,11.768051787427275,13.83689944023908,1.0868876767990567,1.0868876767990567,1.0868876767990567,1.2219650675267686,1.2219650675267686,1.2219650675267686,17.586187385009044,Safe ,
13.613738959435388,13.253187861458679,11.768051787427275,13.83689944023908,1.0868876767990567,1.0868876767990567,1.0868876767990567,1.2219650675267686,1.2219650675267686,1.2219650675267686,23.98772969287821,Safe ,
13.613738959435388,13.253187861458679,11.768051787427275,13.83689944023908,1.0868876767990567,1.0868876767990567,1.0868876767990567,1.2219650675267686,1.2219650675267686,1.2219650675267686,18.600904669472694,Safe ,
13.613738959435388,13.253187861458679,11.768051787427275,13.83689944023908,1.0868876767990567,1.0868876767990567,1.0868876767990567,1.2219650675267686,1.2219650675267686,1.2219650675267686,18.483785857673176,Safe ,
13.613738959435388,13.253187861458679,11.768051787427275,13.83689944023908,1.0868876767990567,1.0868876767990567,1.0868876767990567,1.2219650675267686,1.2219650675267686,1.2219650675267686,16.843339900397794,Safe ,
13.613738959435388,13.253187861458679,11.768051787427275,13.83689944023908,1.0868876767990567,1.0868876767990567,1.0868876767990567,1.2219650675267686,1.2219650675267686,1.2219650675267686,18.332067304216864,Safe ,
13.613738959435388,13.253187861458679,11.768051787427275,13.83689944023908,1.0868876767990567,1.0868876767990567,1.0868876767990567,1.2219650675267686,1.2219650675267686,1.2219650675267686,13.923524635233576,Safe ,
13.613738959435388,13.253187861458679,11.768051787427275,13.83689944023908,1.0868876767990567,1.0868876767990567,1.0868876767990567,1.2219650675267686,1.2219650675267686,1.2219650675267686,17.924678907814005,Safe ,
13.613738959435388,13.253187861458679,11.768051787427275,13.83689944023908,1.0868876767990567,1.0868876767990567,1.0868876767990567,1.2219650675267686,1.2219650675267686,1.2219650675267686,16.064578088122364,Safe ,
13.613738959435388,13.253187861458679,11.768051787427275,13.83689944023908,1.0868876767990567,1.0868876767990567,1.0868876767990567,1.2219650675267686,1.2219650675267686,1.2219650675267686,19.82026841386185,Safe ,
13.613738959435388,13.253187861458679,11.768051787427275,13.83689944023908,1.0868876767990567,1.0868876767990567,1.0868876767990567,1.2219650675267686,1.2219650675267686,1.2219650675267686,16.300385889910913,Safe ,
13.613738959435388,13.253187861458679,11.768051787427275,13.83689944023908,1.0868876767990567,1.0868876767990567,1.0868876767990567,1.2219650675267686,1.2219650675267686,1.2219650675267686,22.949198208134867,Safe ,
13.613738959435388,13.253187861458679,11.768051787427275,13.83689944023908,1.0868876767990567,1.0868876767990567,1.0868876767990567,1.2219650675267686,1.2219650675267686,1.2219650675267686,17.235698907260055,Safe ,
13.613738959435388,13.253187861458679,11.768051787427275,13.83689944023908,1.0868876767990567,1.0868876767990567,1.0868876767990567,1.2219650675267686,1.2219650675267686,1.2219650675267686,15.619272121833676,Safe ,
13.613738959435388,13.253187861458679,11.768051787427275,13.83689944023908,1.0868876767990567,1.0868876767990567,1.0868876767990567,1.2219650675267686,1.2219650675267686,1.2219650675267686,15.894910853519969,Safe ,
13.613738959435388,13.253187861458679,11.768051787427275,13.83689944023908,1.0868876767990567,1.0868876767990567,1.0868876767990567,1.2219650675267686,1.2219650675267686,1.2219650675267686,17.48682102851324,Safe ,
13.613738959435388,13.253187861458679,11.768051787427275,13.83689944023908,1.0868876767990567,1.0868876767990567,1.0868876767990567,1.2219650675267686,1.2219650675267686,1.2219650675267686,17.51577744481819,Safe ,
13.613738959435388,13.253187861458679,11.768051787427275,13.83689944023908,1.0868876767990567,1.0868876767990567,1.0868876767990567,1.2219650675267686,1.2219650675267686,1.2219650675267686,17.82128446583902,Safe ,
13.613738959435388,13.253187861458679,11.768051787427275,13.83689944023908,1.0868876767990567,1.0868876767990567,1.0868876767990567,1.2219650675267686,1.2219650675267686,1.2219650675267686,17.72895427657807,Safe ,
13.613738959435388,13.253187861458679,11.768051787427275,13.83689944023908,1.0868876767990567,1.0868876767990567,1.0868876767990567,1.2219650675267686,1.2219650675267686,1.2219650675267686,16.51954661736833,Safe ,
13.613738959435388,13.253187861458679,11.768051787427275,13.83689944023908,1.0868876767990567,1.0868876767990567,1.0868876767990567,1.2219650675267686,1.2219650675267686,1.2219650675267686,17.417236335872126,Safe ,
13.613738959435388,13.253187861458679,11.768051787427275,13.83689944023908,1.0868876767990567,1.0868876767990567,1.0868876767990567,1.2219650675267686,1.2219650675267686,1.2219650675267686,18.57178021137132,Safe ,
13.613738959435388,13.253187861458679,11.768051787427275,13.83689944023908,1.0868876767990567,1.0868876767990567,1.0868876767990567,1.2219650675267686,1.2219650675267686,1.2219650675267686,16.706782120407073,Safe ,
13.613738959435388,13.253187861458679,11.768051787427275,13.83689944023908,1.0868876767990567,1.0868876767990567,1.0868876767990567,1.2219650675267686,1.2219650675267686,1.2219650675267686,17.733417257651375,Safe ,
13.613738959435388,13.253187861458679,11.768051787427275,13.83689944023908,1.0868876767990567,1.0868876767990567,1.0868876767990567,1.2219650675267686,1.2219650675267686,1.2219650675267686,18.338349822135093,Safe ,
13.613738959435388,13.253187861458679,11.768051787427275,13.83689944023908,1.0868876767990567,1.0868876767990567,1.0868876767990567,1.2219650675267686,1.2219650675267686,1.2219650675267686,20.13619514854208,Safe ,
13.613738959435388,13.253187861458679,11.768051787427275,13.83689944023908,1.0868876767990567,1.0868876767990567,1.0868876767990567,1.2219650675267686,1.2219650675267686,1.2219650675267686,18.483563670004933,Safe ,
13.613738959435388,13.253187861458679,11.768051787427275,13.83689944023908,1.0868876767990567,1.0868876767990567,1.0868876767990567,1.2219650675267686,1.2219650675267686,1.2219650675267686,15.808629271524168,Safe ,
13.613738959435388,13.253187861458679,11.768051787427275,13.83689944023908,1.0868876767990567,1.0868876767990567,1.0868876767990567,1.2219650675267686,1.2219650675267686,1.2219650675267686,17.837696572643548,Safe ,
13.613738959435388,13.253187861458679,11.768051787427275,13.83689944023908,1.0868876767990567,1.0868876767990567,1.0868876767990567,1.2219650675267686,1.2219650675267686,1.2219650675267686,17.698042905770922,Safe ,
13.613738959435388,13.253187861458679,11.768051787427275,13.83689944023908,1.0868876767990567,1.0868876767990567,1.0868876767990567,1.2219650675267686,1.2219650675267686,1.2219650675267686,15.13265191079421,Safe ,
13.613738959435388,13.253187861458679,11.768051787427275,13.83689944023908,1.0868876767990567,1.0868876767990567,1.0868876767990567,1.2219650675267686,1.2219650675267686,1.2219650675267686,17.005649488164035,Safe ,
13.613738959435388,13.253187861458679,11.768051787427275,13.83689944023908,1.0868876767990567,1.0868876767990567,1.0868876767990567,1.2219650675267686,1.2219650675267686,1.2219650675267686,18.176997812684768,Safe ,
13.613738959435388,13.253187861458679,11.768051787427275,13.83689944023908,1.0868876767990567,1.0868876767990567,1.0868876767990567,1.2219650675267686,1.2219650675267686,1.2219650675267686,16.96148182897256,Safe ,
13.613738959435388,13.253187861458679,11.768051787427275,13.83689944023908,1.0868876767990567,1.0868876767990567,1.0868876767990567,1.2219650675267686,1.2219650675267686,1.2219650675267686,17.505153122807755,Safe ,
13.613738959435388,13.253187861458679,11.768051787427275,13.83689944023908,1.0868876767990567,1.0868876767990567,1.0868876767990567,1.2219650675267686,1.2219650675267686,1.2219650675267686,18.06113360160418,Safe ,
13.613738959435388,13.253187861458679,11.768051787427275,13.83689944023908,1.0868876767990567,1.0868876767990567,1.0868876767990567,1.2219650675267686,1.2219650675267686,1.2219650675267686,17.382707778064905,Safe ,
13.613738959435388,13.253187861458679,11.768051787427275,13.83689944023908,1.0868876767990567,1.0868876767990567,1.0868876767990567,1.2219650675267686,1.2219650675267686,1.2219650675267686,19.08646298287977,Safe ,
13.613738959435388,13.253187861458679,11.768051787427275,13.83689944023908,1.0868876767990567,1.0868876767990567,1.0868876767990567,1.2219650675267686,1.2219650675267686,1.2219650675267686,16.83662052397152,Safe ,
13.613738959435388,13.253187861458679,11.768051787427275,13.83689944023908,1.0868876767990567,1.0868876767990567,1.0868876767990567,1.2219650675267686,1.2219650675267686,1.2219650675267686,16.201892948678825,Safe ,
13.613738959435388,13.253187861458679,11.768051787427275,13.83689944023908,1.0868876767990567,1.0868876767990567,1.0868876767990567,1.2219650675267686,1.2219650675267686,1.2219650675267686,15.611980945224154,Safe ,
13.613738959435388,13.253187861458679,11.768051787427275,13.83689944023908,1.0868876767990567,1.0868876767990567,1.0868876767990567,1.2219650675267686,1.2219650675267686,1.2219650675267686,21.29493491310149,Safe ,
13.613738959435388,13.253187861458679,11.768051787427275,13.83689944023908,1.0868876767990567,1.0868876767990567,1.0868876767990567,1.2219650675267686,1.2219650675267686,1.2219650675267686,17.735047689490468,Safe ,
13.613738959435388,13.253187861458679,11.768051787427275,13.83689944023908,1.0868876767990567,1.0868876767990567,1.0868876767990567,1.2219650675267686,1.2219650675267686,1.2219650675267686,16.20140978927406,Safe ,
13.613738959435388,13.253187861458679,11.768051787427275,13.83689944023908,1.0868876767990567,1.0868876767990567,1.0868876767990567,1.2219650675267686,1.2219650675267686,1.2219650675267686,15.804085327227941,Safe ,
13.613738959435388,13.253187861458679,11.768051787427275,13.83689944023908,1.0868876767990567,1.0868876767990567,1.0868876767990567,1.2219650675267686,1.2219650675267686,1.2219650675267686,17.873450957994667,Safe ,
13.613738959435388,13.253187861458679,11.768051787427275,13.83689944023908,1.0868876767990567,1.0868876767990567,1.0868876767990567,1.2219650675267686,1.2219650675267686,1.2219650675267686,22.198433386735946,Safe ,
13.613738959435388,13.253187861458679,11.768051787427275,13.83689944023908,1.0868876767990567,1.0868876767990567,1.0868876767990567,1.2219650675267686,1.2219650675267686,1.2219650675267686,14.116841309653857,Safe ,
13.613738959435388,13.253187861458679,11.768051787427275,13.83689944023908,1.0868876767990567,1.0868876767990567,1.0868876767990567,1.2219650675267686,1.2219650675267686,1.2219650675267686,17.1265380795113,Safe ,
13.613738959435388,13.253187861458679,11.768051787427275,13.83689944023908,1.0868876767990567,1.0868876767990567,1.0868876767990567,1.2219650675267686,1.2219650675267686,1.2219650675267686,14.764684287455632,Safe ,
13.613738959435388,13.253187861458679,11.768051787427275,13.83689944023908,1.0868876767990567,1.0868876767990567,1.0868876767990567,1.2219650675267686,1.2219650675267686,1.2219650675267686,19.162350223320193,Safe ,
13.613738959435388,13.253187861458679,11.768051787427275,13.83689944023908,1.0868876767990567,1.0868876767990567,1.0868876767990567,1.2219650675267686,1.2219650675267686,1.2219650675267686,16.426920441583903,Safe ,
13.613738959435388,13.253187861458679,11.768051787427275,13.83689944023908,1.0868876767990567,1.0868876767990567,1.0868876767990567,1.2219650675267686,1.2219650675267686,1.2219650675267686,21.013285178237037,Safe ,
13.613738959435388,13.253187861458679,11.768051787427275,13.83689944023908,1.0868876767990567,1.0868876767990567,1.0868876767990567,1.2219650675267686,1.2219650675267686,1.2219650675267686,18.007361807370724,Safe ,
13.613738959435388,13.253187861458679,11.768051787427275,13.83689944023908,1.0868876767990567,1.0868876767990567,1.0868876767990567,1.2219650675267686,1.2219650675267686,1.2219650675267686,19.112651000388105,Safe ,
13.613738959435388,13.253187861458679,11.768051787427275,13.83689944023908,1.0868876767990567,1.0868876767990567,1.0868876767990567,1.2219650675267686,1.2219650675267686,1.2219650675267686,16.912423593987597,Safe ,
13.613738959435388,13.253187861458679,11.768051787427275,13.83689944023908,1.0868876767990567,1.0868876767990567,1.0868876767990567,1.2219650675267686,1.2219650675267686,1.2219650675267686,19.14905815939845,Safe ,
13.613738959435388,13.253187861458679,11.768051787427275,13.83689944023908,1.0868876767990567,1.0868876767990567,1.0868876767990567,1.2219650675267686,1.2219650675267686,1.2219650675267686,14.781545576090362,Safe ,
13.613738959435388,13.253187861458679,11.768051787427275,13.83689944023908,1.0868876767990567,1.0868876767990567,1.0868876767990567,1.2219650675267686,1.2219650675267686,1.2219650675267686,21.130701357405304,Safe ,
13.613738959435388,13.253187861458679,11.768051787427275,13.83689944023908,1.0868876767990567,1.0868876767990567,1.0868876767990567,1.2219650675267686,1.2219650675267686,1.2219650675267686,17.098992118566404,Safe ,
13.613738959435388,13.253187861458679,11.768051787427275,13.83689944023908,1.0868876767990567,1.0868876767990567,1.0868876767990567,1.2219650675267686,1.2219650675267686,1.2219650675267686,18.543361929811823,Safe ,
13.613738959435388,13.253187861458679,11.768051787427275,13.83689944023908,1.0868876767990567,1.0868876767990567,1.0868876767990567,1.2219650675267686,1.2219650675267686,1.2219650675267686,17.835562803919057,Safe ,
13.613738959435388,13.253187861458679,11.768051787427275,13.83689944023908,1.0868876767990567,1.0868876767990567,1.0868876767990567,1.2219650675267686,1.2219650675267686,1.2219650675267686,18.21590599430726,Safe ,
13.613738959435388,13.253187861458679,11.768051787427275,13.83689944023908,1.0868876767990567,1.0868876767990567,1.0868876767990567,1.2219650675267686,1.2219650675267686,1.2219650675267686,17.727501156962486,Safe ,
13.613738959435388,13.253187861458679,11.768051787427275,13.83689944023908,1.0868876767990567,1.0868876767990567,1.0868876767990567,1.2219650675267686,1.2219650675267686,1.2219650675267686,17.280994477610644,Safe ,
13.613738959435388,13.253187861458679,11.768051787427275,13.83689944023908,1.0868876767990567,1.0868876767990567,1.0868876767990567,1.2219650675267686,1.2219650675267686,1.2219650675267686,18.179556566980175,Safe ,
13.613738959435388,13.253187861458679,11.768051787427275,13.83689944023908,1.0868876767990567,1.0868876767990567,1.0868876767990567,1.2219650675267686,1.2219650675267686,1.2219650675267686,18.12418059443024,Safe ,
13.613738959435388,13.253187861458679,11.768051787427275,13.83689944023908,1.0868876767990567,1.0868876767990567,1.0868876767990567,1.2219650675267686,1.2219650675267686,1.2219650675267686,15.570776286976711,Safe ,
13.613738959435388,13.253187861458679,11.768051787427275,13.83689944023908,1.0868876767990567,1.0868876767990567,1.0868876767990567,1.2219650675267686,1.2219650675267686,1.2219650675267686,18.765444255727477,Safe ,
13.613738959435388,13.253187861458679,11.768051787427275,13.83689944023908,1.0868876767990567,1.0868876767990567,1.0868876767990567,1.2219650675267686,1.2219650675267686,1.2219650675267686,16.017431420606535,Safe ,
13.613738959435388,13.253187861458679,11.768051787427275,13.83689944023908,1.0868876767990567,1.0868876767990567,1.0868876767990567,1.2219650675267686,1.2219650675267686,1.2219650675267686,19.53593134459385,Safe ,
13.613738959435388,13.253187861458679,11.768051787427275,13.83689944023908,1.0868876767990567,1.0868876767990567,1.0868876767990567,1.2219650675267686,1.2219650675267686,1.2219650675267686,20.142203641298057,Safe ,
13.613738959435388,13.253187861458679,11.768051787427275,13.83689944023908,1.0868876767990567,1.0868876767990567,1.0868876767990567,1.2219650675267686,1.2219650675267686,1.2219650675267686,16.97064347135178,Safe ,
13.613738959435388,13.253187861458679,11.768051787427275,13.83689944023908,1.0868876767990567,1.0868876767990567,1.0868876767990567,1.2219650675267686,1.2219650675267686,1.2219650675267686,18.814747194513245,Safe ,
13.613738959435388,13.253187861458679,11.768051787427275,13.83689944023908,1.0868876767990567,1.0868876767990567,1.0868876767990567,1.2219650675267686,1.2219650675267686,1.2219650675267686,18.725355015408386,Safe ,
13.613738959435388,13.253187861458679,11.768051787427275,13.83689944023908,1.0868876767990567,1.0868876767990567,1.0868876767990567,1.2219650675267686,1.2219650675267686,1.2219650675267686,18.94840287755793,Safe ,
13.613738959435388,13.253187861458679,11.768051787427275,13.83689944023908,1.0868876767990567,1.0868876767990567,1.0868876767990567,1.2219650675267686,1.2219650675267686,1.2219650675267686,17.932336742620308,Safe ,
13.613738959435388,13.253187861458679,11.768051787427275,13.83689944023908,1.0868876767990567,1.0868876767990567,1.0868876767990567,1.2219650675267686,1.2219650675267686,1.2219650675267686,16.066270839388324,Safe ,
13.613738959435388,13.253187861458679,11.768051787427275,13.83689944023908,1.0868876767990567,1.0868876767990567,1.0868876767990567,1.2219650675267686,1.2219650675267686,1.2219650675267686,18.44708815003393,Safe ,
13.613738959435388,13.253187861458679,11.768051787427275,13.83689944023908,1.0868876767990567,1.0868876767990567,1.0868876767990567,1.2219650675267686,1.2219650675267686,1.2219650675267686,16.617967936461405,Safe ,
13.613738959435388,13.253187861458679,11.768051787427275,13.83689944023908,1.0868876767990567,1.0868876767990567,1.0868876767990567,1.2219650675267686,1.2219650675267686,1.2219650675267686,15.945300211736683,Safe ,
13.613738959435388,13.253187861458679,11.768051787427275,13.83689944023908,1.0868876767990567,1.0868876767990567,1.0868876767990567,1.2219650675267686,1.2219650675267686,1.2219650675267686,18.913932314249788,Safe ,
13.613738959435388,13.253187861458679,11.768051787427275,13.83689944023908,1.0868876767990567,1.0868876767990567,1.0868876767990567,1.2219650675267686,1.2219650675267686,1.2219650675267686,18.246166665186333,Safe ,
13.613738959435388,13.253187861458679,11.768051787427275,13.83689944023908,1.0868876767990567,1.0868876767990567,1.0868876767990567,1.2219650675267686,1.2219650675267686,1.2219650675267686,19.21113684333384,Safe ,
13.613738959435388,13.253187861458679,11.768051787427275,13.83689944023908,1.0868876767990567,1.0868876767990567,1.0868876767990567,1.2219650675267686,1.2219650675267686,1.2219650675267686,18.44923750354644,Safe ,
13.613738959435388,13.253187861458679,11.768051787427275,13.83689944023908,1.0868876767990567,1.0868876767990567,1.0868876767990567,1.2219650675267686,1.2219650675267686,1.2219650675267686,19.362866060080833,Safe ,
13.613738959435388,13.253187861458679,11.768051787427275,13.83689944023908,1.0868876767990567,1.0868876767990567,1.0868876767990567,1.2219650675267686,1.2219650675267686,1.2219650675267686,18.608790119982054,Safe ,
13.613738959435388,13.253187861458679,11.768051787427275,13.83689944023908,1.0868876767990567,1.0868876767990567,1.0868876767990567,1.2219650675267686,1.2219650675267686,1.2219650675267686,16.01033400936316,Safe ,
13.613738959435388,13.253187861458679,11.768051787427275,13.83689944023908,1.0868876767990567,1.0868876767990567,1.0868876767990567,1.2219650675267686,1.2219650675267686,1.2219650675267686,16.39905244330974,Safe ,
13.613738959435388,13.253187861458679,11.768051787427275,13.83689944023908,1.0868876767990567,1.0868876767990567,1.0868876767990567,1.2219650675267686,1.2219650675267686,1.2219650675267686,15.67417536988862,Safe ,
13.613738959435388,13.253187861458679,11.768051787427275,13.83689944023908,1.0868876767990567,1.0868876767990567,1.0868876767990567,1.2219650675267686,1.2219650675267686,1.2219650675267686,18.6736507695096,Safe ,
13.613738959435388,13.253187861458679,11.768051787427275,13.83689944023908,1.0868876767990567,1.0868876767990567,1.0868876767990567,1.2219650675267686,1.2219650675267686,1.2219650675267686,19.02634811538164,Safe ,
13.613738959435388,13.253187861458679,11.768051787427275,13.83689944023908,1.0868876767990567,1.0868876767990567,1.0868876767990567,1.2219650675267686,1.2219650675267686,1.2219650675267686,16.985771507582246,Safe ,
13.613738959435388,13.253187861458679,11.768051787427275,13.83689944023908,1.0868876767990567,1.0868876767990567,1.0868876767990567,1.2219650675267686,1.2219650675267686,1.2219650675267686,20.14337930013521,Safe ,
13.613738959435388,13.253187861458679,11.768051787427275,13.83689944023908,1.0868876767990567,1.0868876767990567,1.0868876767990567,1.2219650675267686,1.2219650675267686,1.2219650675267686,18.1251351214981,Safe ,
13.613738959435388,13.253187861458679,11.768051787427275,13.83689944023908,1.0868876767990567,1.0868876767990567,1.0868876767990567,1.2219650675267686,1.2219650675267686,1.2219650675267686,16.52391218084039,Safe ,
13.613738959435388,13.253187861458679,11.768051787427275,13.83689944023908,1.0868876767990567,1.0868876767990567,1.0868876767990567,1.2219650675267686,1.2219650675267686,1.2219650675267686,17.498051645483066,Safe ,
13.613738959435388,13.253187861458679,11.768051787427275,13.83689944023908,1.0868876767990567,1.0868876767990567,1.0868876767990567,1.2219650675267686,1.2219650675267686,1.2219650675267686,17.822694938601938,Safe ,
13.613738959435388,13.253187861458679,11.768051787427275,13.83689944023908,1.0868876767990567,1.0868876767990567,1.0868876767990567,1.2219650675267686,1.2219650675267686,1.2219650675267686,17.111957459079715,Safe ,
13.613738959435388,13.253187861458679,11.768051787427275,13.83689944023908,1.0868876767990567,1.0868876767990567,1.0868876767990567,1.2219650675267686,1.2219650675267686,1.2219650675267686,19.091445346623036,Safe ,
13.613738959435388,13.253187861458679,11.768051787427275,13.83689944023908,1.0868876767990567,1.0868876767990567,1.0868876767990567,1.2219650675267686,1.2219650675267686,1.2219650675267686,17.337141003750425,Safe ,
13.613738959435388,13.253187861458679,11.768051787427275,13.83689944023908,1.0868876767990567,1.0868876767990567,1.0868876767990567,1.2219650675267686,1.2219650675267686,1.2219650675267686,19.565521230582256,Safe ,
13.613738959435388,13.253187861458679,11.768051787427275,13.83689944023908,1.0868876767990567,1.0868876767990567,1.0868876767990567,1.2219650675267686,1.2219650675267686,1.2219650675267686,18.787187233799543,Safe ,
13.613738959435388,13.253187861458679,11.768051787427275,13.83689944023908,1.0868876767990567,1.0868876767990567,1.0868876767990567,1.2219650675267686,1.2219650675267686,1.2219650675267686,16.30223926276133,Safe ,
13.613738959435388,13.253187861458679,11.768051787427275,13.83689944023908,1.0868876767990567,1.0868876767990567,1.0868876767990567,1.2219650675267686,1.2219650675267686,1.2219650675267686,16.181679722884855,Safe ,
13.613738959435388,13.253187861458679,11.768051787427275,13.83689944023908,1.0868876767990567,1.0868876767990567,1.0868876767990567,1.2219650675267686,1.2219650675267686,1.2219650675267686,15.905065612119087,Safe ,
13.613738959435388,13.253187861458679,11.768051787427275,13.83689944023908,1.0868876767990567,1.0868876767990567,1.0868876767990567,1.2219650675267686,1.2219650675267686,1.2219650675267686,19.570356759658313,Safe ,
13.613738959435388,13.253187861458679,11.768051787427275,13.83689944023908,1.0868876767990567,1.0868876767990567,1.0868876767990567,1.2219650675267686,1.2219650675267686,1.2219650675267686,17.373175904183157,Safe ,
13.613738959435388,13.253187861458679,11.768051787427275,13.83689944023908,1.0868876767990567,1.0868876767990567,1.0868876767990567,1.2219650675267686,1.2219650675267686,1.2219650675267686,17.89831705501447,Safe ,
13.613738959435388,13.253187861458679,11.768051787427275,13.83689944023908,1.0868876767990567,1.0868876767990567,1.0868876767990567,1.2219650675267686,1.2219650675267686,1.2219650675267686,16.22506724149219,Safe ,
13.613738959435388,13.253187861458679,11.768051787427275,13.83689944023908,1.0868876767990567,1.0868876767990567,1.0868876767990567,1.2219650675267686,1.2219650675267686,1.2219650675267686,18.1237002658566,Safe ,
13.613738959435388,13.253187861458679,11.768051787427275,13.83689944023908,1.0868876767990567,1.0868876767990567,1.0868876767990567,1.2219650675267686,1.2219650675267686,1.2219650675267686,16.10924507482524,Safe ,
13.613738959435388,13.253187861458679,11.768051787427275,13.83689944023908,1.0868876767990567,1.0868876767990567,1.0868876767990567,1.2219650675267686,1.2219650675267686,1.2219650675267686,18.186509627952937,Safe ,
13.613738959435388,13.253187861458679,11.768051787427275,13.83689944023908,1.0868876767990567,1.0868876767990567,1.0868876767990567,1.2219650675267686,1.2219650675267686,1.2219650675267686,15.84790699843979,Safe ,
13.613738959435388,13.253187861458679,11.768051787427275,13.83689944023908,1.0868876767990567,1.0868876767990567,1.0868876767990567,1.2219650675267686,1.2219650675267686,1.2219650675267686,16.32525504177703,Safe ,
13.613738959435388,13.253187861458679,11.768051787427275,13.83689944023908,1.0868876767990567,1.0868876767990567,1.0868876767990567,1.2219650675267686,1.2219650675267686,1.2219650675267686,21.89753942924963,Safe ,
13.613738959435388,13.253187861458679,11.768051787427275,13.83689944023908,1.0868876767990567,1.0868876767990567,1.0868876767990567,1.2219650675267686,1.2219650675267686,1.2219650675267686,16.868015556286675,Safe ,
13.613738959435388,13.253187861458679,11.768051787427275,13.83689944023908,1.0868876767990567,1.0868876767990567,1.0868876767990567,1.2219650675267686,1.2219650675267686,1.2219650675267686,19.070400655815646,Safe ,
13.613738959435388,13.253187861458679,11.768051787427275,13.83689944023908,1.0868876767990567,1.0868876767990567,1.0868876767990567,1.2219650675267686,1.2219650675267686,1.2219650675267686,15.26164163737368,Safe ,
13.613738959435388,13.253187861458679,11.768051787427275,13.83689944023908,1.0868876767990567,1.0868876767990567,1.0868876767990567,1.2219650675267686,1.2219650675267686,1.2219650675267686,20.706575552464688,Safe ,
13.613738959435388,13.253187861458679,11.768051787427275,13.83689944023908,1.0868876767990567,1.0868876767990567,1.0868876767990567,1.2219650675267686,1.2219650675267686,1.2219650675267686,16.159212555546418,Safe ,
13.613738959435388,13.253187861458679,11.768051787427275,13.83689944023908,1.0868876767990567,1.0868876767990567,1.0868876767990567,1.2219650675267686,1.2219650675267686,1.2219650675267686,17.726176807958552,Safe ,
13.613738959435388,13.253187861458679,11.768051787427275,13.83689944023908,1.0868876767990567,1.0868876767990567,1.0868876767990567,1.2219650675267686,1.2219650675267686,1.2219650675267686,19.266000469702536,Safe ,
13.613738959435388,13.253187861458679,11.768051787427275,13.83689944023908,1.0868876767990567,1.0868876767990567,1.0868876767990567,1.2219650675267686,1.2219650675267686,1.2219650675267686,16.686610734599483,Safe ,
13.613738959435388,13.253187861458679,11.768051787427275,13.83689944023908,1.0868876767990567,1.0868876767990567,1.0868876767990567,1.2219650675267686,1.2219650675267686,1.2219650675267686,19.004777383658947,Safe ,
13.613738959435388,13.253187861458679,11.768051787427275,13.83689944023908,1.0868876767990567,1.0868876767990567,1.0868876767990567,1.2219650675267686,1.2219650675267686,1.2219650675267686,18.639595274261694,Safe ,
13.613738959435388,13.253187861458679,11.768051787427275,13.83689944023908,1.0868876767990567,1.0868876767990567,1.0868876767990567,1.2219650675267686,1.2219650675267686,1.2219650675267686,15.918181016282354,Safe ,
13.613738959435388,13.253187861458679,11.768051787427275,13.83689944023908,1.0868876767990567,1.0868876767990567,1.0868876767990567,1.2219650675267686,1.2219650675267686,1.2219650675267686,18.194411955135084,Safe ,
13.613738959435388,13.253187861458679,11.768051787427275,13.83689944023908,1.0868876767990567,1.0868876767990567,1.0868876767990567,1.2219650675267686,1.2219650675267686,1.2219650675267686,18.949539138547383,Safe ,
13.613738959435388,13.253187861458679,11.768051787427275,13.83689944023908,1.0868876767990567,1.0868876767990567,1.0868876767990567,1.2219650675267686,1.2219650675267686,1.2219650675267686,18.010326467824335,Safe ,
13.613738959435388,13.253187861458679,11.768051787427275,13.83689944023908,1.0868876767990567,1.0868876767990567,1.0868876767990567,1.2219650675267686,1.2219650675267686,1.2219650675267686,15.897352534461143,Safe ,
13.613738959435388,13.253187861458679,11.768051787427275,13.83689944023908,1.0868876767990567,1.0868876767990567,1.0868876767990567,1.2219650675267686,1.2219650675267686,1.2219650675267686,14.0160240308284,Safe ,
13.613738959435388,13.253187861458679,11.768051787427275,13.83689944023908,1.0868876767990567,1.0868876767990567,1.0868876767990567,1.2219650675267686,1.2219650675267686,1.2219650675267686,16.539408746842245,Safe ,
13.613738959435388,13.253187861458679,11.768051787427275,13.83689944023908,1.0868876767990567,1.0868876767990567,1.0868876767990567,1.2219650675267686,1.2219650675267686,1.2219650675267686,19.78399381233004,Safe ,
13.613738959435388,13.253187861458679,11.768051787427275,13.83689944023908,1.0868876767990567,1.0868876767990567,1.0868876767990567,1.2219650675267686,1.2219650675267686,1.2219650675267686,19.933081305440183,Safe ,
13.613738959435388,13.253187861458679,11.768051787427275,13.83689944023908,1.0868876767990567,1.0868876767990567,1.0868876767990567,1.2219650675267686,1.2219650675267686,1.2219650675267686,19.417108804372752,Safe ,
13.613738959435388,13.253187861458679,11.768051787427275,13.83689944023908,1.0868876767990567,1.0868876767990567,1.0868876767990567,1.2219650675267686,1.2219650675267686,1.2219650675267686,16.939689511736063,Safe ,
13.613738959435388,13.253187861458679,11.768051787427275,13.83689944023908,1.0868876767990567,1.0868876767990567,1.0868876767990567,1.2219650675267686,1.2219650675267686,1.2219650675267686,20.03371132146051,Safe ,
13.613738959435388,13.253187861458679,11.768051787427275,13.83689944023908,1.0868876767990567,1.0868876767990567,1.0868876767990567,1.2219650675267686,1.2219650675267686,1.2219650675267686,17.560378276282215,Safe ,
13.613738959435388,13.253187861458679,11.768051787427275,13.83689944023908,1.0868876767990567,1.0868876767990567,1.0868876767990567,1.2219650675267686,1.2219650675267686,1.2219650675267686,18.879626473834126,Safe ,
13.613738959435388,13.253187861458679,11.768051787427275,13.83689944023908,1.0868876767990567,1.0868876767990567,1.0868876767990567,1.2219650675267686,1.2219650675267686,1.2219650675267686,18.274867833866935,Safe ,
13.613738959435388,13.253187861458679,11.768051787427275,13.83689944023908,1.0868876767990567,1.0868876767990567,1.0868876767990567,1.2219650675267686,1.2219650675267686,1.2219650675267686,17.894250681853237,Safe ,
13.613738959435388,13.253187861458679,11.768051787427275,13.83689944023908,1.0868876767990567,1.0868876767990567,1.0868876767990567,1.2219650675267686,1.2219650675267686,1.2219650675267686,17.699903827878046,Safe ,
13.613738959435388,13.253187861458679,11.768051787427275,13.83689944023908,1.0868876767990567,1.0868876767990567,1.0868876767990567,1.2219650675267686,1.2219650675267686,1.2219650675267686,17.304194949727023,Safe ,
13.613738959435388,13.253187861458679,11.768051787427275,13.83689944023908,1.0868876767990567,1.0868876767990567,1.0868876767990567,1.2219650675267686,1.2219650675267686,1.2219650675267686,17.279225019291797,Safe ,
13.613738959435388,13.253187861458679,11.768051787427275,13.83689944023908,1.0868876767990567,1.0868876767990567,1.0868876767990567,1.2219650675267686,1.2219650675267686,1.2219650675267686,17.41678332347874,Safe ,
13.613738959435388,13.253187861458679,11.768051787427275,13.83689944023908,1.0868876767990567,1.0868876767990567,1.0868876767990567,1.2219650675267686,1.2219650675267686,1.2219650675267686,16.61677915041974,Safe ,
13.613738959435388,13.253187861458679,11.768051787427275,13.83689944023908,1.0868876767990567,1.0868876767990567,1.0868876767990567,1.2219650675267686,1.2219650675267686,1.2219650675267686,18.302776484650362,Safe ,
13.613738959435388,13.253187861458679,11.768051787427275,13.83689944023908,1.0868876767990567,1.0868876767990567,1.0868876767990567,1.2219650675267686,1.2219650675267686,1.2219650675267686,17.758266888391642,Safe ,
13.613738959435388,13.253187861458679,11.768051787427275,13.83689944023908,1.0868876767990567,1.0868876767990567,1.0868876767990567,1.2219650675267686,1.2219650675267686,1.2219650675267686,17.90272280449069,Safe ,
13.613738959435388,13.253187861458679,11.768051787427275,13.83689944023908,1.0868876767990567,1.0868876767990567,1.0868876767990567,1.2219650675267686,1.2219650675267686,1.2219650675267686,14.095279821924738,Safe ,
13.613738959435388,13.253187861458679,11.768051787427275,13.83689944023908,1.0868876767990567,1.0868876767990567,1.0868876767990567,1.2219650675267686,1.2219650675267686,1.2219650675267686,20.94419279734771,Safe ,
13.613738959435388,13.253187861458679,11.768051787427275,13.83689944023908,1.0868876767990567,1.0868876767990567,1.0868876767990567,1.2219650675267686,1.2219650675267686,1.2219650675267686,17.97681334928534,Safe ,
13.613738959435388,13.253187861458679,11.768051787427275,13.83689944023908,1.0868876767990567,1.0868876767990567,1.0868876767990567,1.2219650675267686,1.2219650675267686,1.2219650675267686,17.322230489565165,Safe ,
13.613738959435388,13.253187861458679,11.768051787427275,13.83689944023908,1.0868876767990567,1.0868876767990567,1.0868876767990567,1.2219650675267686,1.2219650675267686,1.2219650675267686,19.23622543492746,Safe ,
13.613738959435388,13.253187861458679,11.768051787427275,13.83689944023908,1.0868876767990567,1.0868876767990567,1.0868876767990567,1.2219650675267686,1.2219650675267686,1.2219650675267686,17.272007175844696,Safe ,
13.613738959435388,13.253187861458679,11.768051787427275,13.83689944023908,1.0868876767990567,1.0868876767990567,1.0868876767990567,1.2219650675267686,1.2219650675267686,1.2219650675267686,16.026426375350823,Safe ,
13.613738959435388,13.253187861458679,11.768051787427275,13.83689944023908,1.0868876767990567,1.0868876767990567,1.0868876767990567,1.2219650675267686,1.2219650675267686,1.2219650675267686,17.66636798327346,Safe ,
13.613738959435388,13.253187861458679,11.768051787427275,13.83689944023908,1.0868876767990567,1.0868876767990567,1.0868876767990567,1.2219650675267686,1.2219650675267686,1.2219650675267686,19.916617740060893,Safe ,
13.613738959435388,13.253187861458679,11.768051787427275,13.83689944023908,1.0868876767990567,1.0868876767990567,1.0868876767990567,1.2219650675267686,1.2219650675267686,1.2219650675267686,15.59405576626931,Safe ,
13.613738959435388,13.253187861458679,11.768051787427275,13.83689944023908,1.0868876767990567,1.0868876767990567,1.0868876767990567,1.2219650675267686,1.2219650675267686,1.2219650675267686,13.66111308989053,Safe ,
13.613738959435388,13.253187861458679,11.768051787427275,13.83689944023908,1.0868876767990567,1.0868876767990567,1.0868876767990567,1.2219650675267686,1.2219650675267686,1.2219650675267686,16.57748079929992,Safe ,
13.613738959435388,13.253187861458679,11.768051787427275,13.83689944023908,1.0868876767990567,1.0868876767990567,1.0868876767990567,1.2219650675267686,1.2219650675267686,1.2219650675267686,15.981061624373183,Safe ,
13.613738959435388,13.253187861458679,11.768051787427275,13.83689944023908,1.0868876767990567,1.0868876767990567,1.0868876767990567,1.2219650675267686,1.2219650675267686,1.2219650675267686,17.77020417523912,Safe ,
13.613738959435388,13.253187861458679,11.768051787427275,13.83689944023908,1.0868876767990567,1.0868876767990567,1.0868876767990567,1.2219650675267686,1.2219650675267686,1.2219650675267686,16.40724303164756,Safe ,
13.613738959435388,13.253187861458679,11.768051787427275,13.83689944023908,1.0868876767990567,1.0868876767990567,1.0868876767990567,1.2219650675267686,1.2219650675267686,1.2219650675267686,17.04098068136667,Safe ,
13.613738959435388,13.253187861458679,11.768051787427275,13.83689944023908,1.0868876767990567,1.0868876767990567,1.0868876767990567,1.2219650675267686,1.2219650675267686,1.2219650675267686,16.596181632075687,Safe ,
13.613738959435388,13.253187861458679,11.768051787427275,13.83689944023908,1.0868876767990567,1.0868876767990567,1.0868876767990567,1.2219650675267686,1.2219650675267686,1.2219650675267686,19.15305582676792,Safe ,
13.613738959435388,13.253187861458679,11.768051787427275,13.83689944023908,1.0868876767990567,1.0868876767990567,1.0868876767990567,1.2219650675267686,1.2219650675267686,1.2219650675267686,17.94785562809333,Safe ,
13.613738959435388,13.253187861458679,11.768051787427275,13.83689944023908,1.0868876767990567,1.0868876767990567,1.0868876767990567,1.2219650675267686,1.2219650675267686,1.2219650675267686,18.188693598037528,Safe ,
13.613738959435388,13.253187861458679,11.768051787427275,13.83689944023908,1.0868876767990567,1.0868876767990567,1.0868876767990567,1.2219650675267686,1.2219650675267686,1.2219650675267686,16.203570427735706,Safe ,
13.613738959435388,13.253187861458679,11.768051787427275,13.83689944023908,1.0868876767990567,1.0868876767990567,1.0868876767990567,1.2219650675267686,1.2219650675267686,1.2219650675267686,19.338425234177198,Safe ,
13.613738959435388,13.253187861458679,11.768051787427275,13.83689944023908,1.0868876767990567,1.0868876767990567,1.0868876767990567,1.2219650675267686,1.2219650675267686,1.2219650675267686,16.27348770898822,Safe ,
13.613738959435388,13.253187861458679,11.768051787427275,13.83689944023908,1.0868876767990567,1.0868876767990567,1.0868876767990567,1.2219650675267686,1.2219650675267686,1.2219650675267686,16.957572087885648,Safe ,
13.613738959435388,13.253187861458679,11.768051787427275,13.83689944023908,1.0868876767990567,1.0868876767990567,1.0868876767990567,1.2219650675267686,1.2219650675267686,1.2219650675267686,15.738581448526533,Safe ,
13.613738959435388,13.253187861458679,11.768051787427275,13.83689944023908,1.0868876767990567,1.0868876767990567,1.0868876767990567,1.2219650675267686,1.2219650675267686,1.2219650675267686,16.626365556097426,Safe ,
13.613738959435388,13.253187861458679,11.768051787427275,13.83689944023908,1.0868876767990567,1.0868876767990567,1.0868876767990567,1.2219650675267686,1.2219650675267686,1.2219650675267686,16.222667792977678,Safe ,
13.613738959435388,13.253187861458679,11.768051787427275,13.83689944023908,1.0868876767990567,1.0868876767990567,1.0868876767990567,1.2219650675267686,1.2219650675267686,1.2219650675267686,17.39698581238641,Safe ,
13.613738959435388,13.253187861458679,11.768051787427275,13.83689944023908,1.0868876767990567,1.0868876767990567,1.0868876767990567,1.2219650675267686,1.2219650675267686,1.2219650675267686,16.84300427943577,Safe ,
13.613738959435388,13.253187861458679,11.768051787427275,13.83689944023908,1.0868876767990567,1.0868876767990567,1.0868876767990567,1.2219650675267686,1.2219650675267686,1.2219650675267686,15.86711930602461,Safe ,
13.613738959435388,13.253187861458679,11.768051787427275,13.83689944023908,1.0868876767990567,1.0868876767990567,1.0868876767990567,1.2219650675267686,1.2219650675267686,1.2219650675267686,16.851519235868405,Safe ,
13.613738959435388,13.253187861458679,11.768051787427275,13.83689944023908,1.0868876767990567,1.0868876767990567,1.0868876767990567,1.2219650675267686,1.2219650675267686,1.2219650675267686,17.936148736491237,Safe ,
13.613738959435388,13.253187861458679,11.768051787427275,13.83689944023908,1.0868876767990567,1.0868876767990567,1.0868876767990567,1.2219650675267686,1.2219650675267686,1.2219650675267686,17.97302271952712,Safe ,
13.613738959435388,13.253187861458679,11.768051787427275,13.83689944023908,1.0868876767990567,1.0868876767990567,1.0868876767990567,1.2219650675267686,1.2219650675267686,1.2219650675267686,16.189428880877824,Safe ,
13.613738959435388,13.253187861458679,11.768051787427275,13.83689944023908,1.0868876767990567,1.0868876767990567,1.0868876767990567,1.2219650675267686,1.2219650675267686,1.2219650675267686,16.334973916543007,Safe ,
13.613738959435388,13.253187861458679,11.768051787427275,13.83689944023908,1.0868876767990567,1.0868876767990567,1.0868876767990567,1.2219650675267686,1.2219650675267686,1.2219650675267686,20.01353212311103,Safe ,
13.613738959435388,13.253187861458679,11.768051787427275,13.83689944023908,1.0868876767990567,1.0868876767990567,1.0868876767990567,1.2219650675267686,1.2219650675267686,1.2219650675267686,15.402805093874665,Safe ,
13.613738959435388,13.253187861458679,11.768051787427275,13.83689944023908,1.0868876767990567,1.0868876767990567,1.0868876767990567,1.2219650675267686,1.2219650675267686,1.2219650675267686,17.72694257585706,Safe ,
13.613738959435388,13.253187861458679,11.768051787427275,13.83689944023908,1.0868876767990567,1.0868876767990567,1.0868876767990567,1.2219650675267686,1.2219650675267686,1.2219650675267686,19.861052131634246,Safe ,
13.613738959435388,13.253187861458679,11.768051787427275,13.83689944023908,1.0868876767990567,1.0868876767990567,1.0868876767990567,1.2219650675267686,1.2219650675267686,1.2219650675267686,18.279470209143618,Safe ,
13.613738959435388,13.253187861458679,11.768051787427275,13.83689944023908,1.0868876767990567,1.0868876767990567,1.0868876767990567,1.2219650675267686,1.2219650675267686,1.2219650675267686,17.773620513718136,Safe ,
13.613738959435388,13.253187861458679,11.768051787427275,13.83689944023908,1.0868876767990567,1.0868876767990567,1.0868876767990567,1.2219650675267686,1.2219650675267686,1.2219650675267686,19.352952740082245,Safe ,
13.613738959435388,13.253187861458679,11.768051787427275,13.83689944023908,1.0868876767990567,1.0868876767990567,1.0868876767990567,1.2219650675267686,1.2219650675267686,1.2219650675267686,16.755568928679825,Safe ,
13.613738959435388,13.253187861458679,11.768051787427275,13.83689944023908,1.0868876767990567,1.0868876767990567,1.0868876767990567,1.2219650675267686,1.2219650675267686,1.2219650675267686,20.493180077760368,Safe ,
13.613738959435388,13.253187861458679,11.768051787427275,13.83689944023908,1.0868876767990567,1.0868876767990567,1.0868876767990567,1.2219650675267686,1.2219650675267686,1.2219650675267686,15.522566821922284,Safe ,
13.613738959435388,13.253187861458679,11.768051787427275,13.83689944023908,1.0868876767990567,1.0868876767990567,1.0868876767990567,1.2219650675267686,1.2219650675267686,1.2219650675267686,17.432204977662607,Safe ,
13.613738959435388,13.253187861458679,11.768051787427275,13.83689944023908,1.0868876767990567,1.0868876767990567,1.0868876767990567,1.2219650675267686,1.2219650675267686,1.2219650675267686,17.401704722907454,Safe ,
13.613738959435388,13.253187861458679,11.768051787427275,13.83689944023908,1.0868876767990567,1.0868876767990567,1.0868876767990567,1.2219650675267686,1.2219650675267686,1.2219650675267686,15.846109492694547,Safe ,
13.613738959435388,13.253187861458679,11.768051787427275,13.83689944023908,1.0868876767990567,1.0868876767990567,1.0868876767990567,1.2219650675267686,1.2219650675267686,1.2219650675267686,16.570734151287112,Safe ,
13.613738959435388,13.253187861458679,11.768051787427275,13.83689944023908,1.0868876767990567,1.0868876767990567,1.0868876767990567,1.2219650675267686,1.2219650675267686,1.2219650675267686,21.009504839494063,Safe ,
13.613738959435388,13.253187861458679,11.768051787427275,13.83689944023908,1.0868876767990567,1.0868876767990567,1.0868876767990567,1.2219650675267686,1.2219650675267686,1.2219650675267686,16.674922390997146,Safe ,
13.613738959435388,13.253187861458679,11.768051787427275,13.83689944023908,1.0868876767990567,1.0868876767990567,1.0868876767990567,1.2219650675267686,1.2219650675267686,1.2219650675267686,16.19705437833823,Safe ,
13.613738959435388,13.253187861458679,11.768051787427275,13.83689944023908,1.0868876767990567,1.0868876767990567,1.0868876767990567,1.2219650675267686,1.2219650675267686,1.2219650675267686,16.724264749040604,Safe ,
13.613738959435388,13.253187861458679,11.768051787427275,13.83689944023908,1.0868876767990567,1.0868876767990567,1.0868876767990567,1.2219650675267686,1.2219650675267686,1.2219650675267686,20.91245688698013,Safe ,
13.613738959435388,13.253187861458679,11.768051787427275,13.83689944023908,1.0868876767990567,1.0868876767990567,1.0868876767990567,1.2219650675267686,1.2219650675267686,1.2219650675267686,17.031716383286767,Safe ,
13.613738959435388,13.253187861458679,11.768051787427275,13.83689944023908,1.0868876767990567,1.0868876767990567,1.0868876767990567,1.2219650675267686,1.2219650675267686,1.2219650675267686,18.10413645216634,Safe ,
13.613738959435388,13.253187861458679,11.768051787427275,13.83689944023908,1.0868876767990567,1.0868876767990567,1.0868876767990567,1.2219650675267686,1.2219650675267686,1.2219650675267686,18.692933880980583,Safe ,
13.613738959435388,13.253187861458679,11.768051787427275,13.83689944023908,1.0868876767990567,1.0868876767990567,1.0868876767990567,1.2219650675267686,1.2219650675267686,1.2219650675267686,14.052477084488329,Safe ,
13.613738959435388,13.253187861458679,11.768051787427275,13.83689944023908,1.0868876767990567,1.0868876767990567,1.0868876767990567,1.2219650675267686,1.2219650675267686,1.2219650675267686,18.229925918857422,Safe ,
13.613738959435388,13.253187861458679,11.768051787427275,13.83689944023908,1.0868876767990567,1.0868876767990567,1.0868876767990567,1.2219650675267686,1.2219650675267686,1.2219650675267686,17.23225368326692,Safe ,
13.613738959435388,13.253187861458679,11.768051787427275,13.83689944023908,1.0868876767990567,1.0868876767990567,1.0868876767990567,1.2219650675267686,1.2219650675267686,1.2219650675267686,22.491770210323338,Safe ,
13.613738959435388,13.253187861458679,11.768051787427275,13.83689944023908,1.0868876767990567,1.0868876767990567,1.0868876767990567,1.2219650675267686,1.2219650675267686,1.2219650675267686,16.392342883477067,Safe ,
13.613738959435388,13.253187861458679,11.768051787427275,13.83689944023908,1.0868876767990567,1.0868876767990567,1.0868876767990567,1.2219650675267686,1.2219650675267686,1.2219650675267686,17.573631481022765,Safe ,
13.613738959435388,13.253187861458679,11.768051787427275,13.83689944023908,1.0868876767990567,1.0868876767990567,1.0868876767990567,1.2219650675267686,1.2219650675267686,1.2219650675267686,16.93078716138132,Safe ,
13.613738959435388,13.253187861458679,11.768051787427275,13.83689944023908,1.0868876767990567,1.0868876767990567,1.0868876767990567,1.2219650675267686,1.2219650675267686,1.2219650675267686,19.758173253827618,Safe ,
13.613738959435388,13.253187861458679,11.768051787427275,13.83689944023908,1.0868876767990567,1.0868876767990567,1.0868876767990567,1.2219650675267686,1.2219650675267686,1.2219650675267686,21.349028518004182,Safe ,
13.613738959435388,13.253187861458679,11.768051787427275,13.83689944023908,1.0868876767990567,1.0868876767990567,1.0868876767990567,1.2219650675267686,1.2219650675267686,1.2219650675267686,17.575240165681727,Safe ,
13.613738959435388,13.253187861458679,11.768051787427275,13.83689944023908,1.0868876767990567,1.0868876767990567,1.0868876767990567,1.2219650675267686,1.2219650675267686,1.2219650675267686,16.248240393917143,Safe ,
13.613738959435388,13.253187861458679,11.768051787427275,13.83689944023908,1.0868876767990567,1.0868876767990567,1.0868876767990567,1.2219650675267686,1.2219650675267686,1.2219650675267686,15.963124825974491,Safe ,
13.613738959435388,13.253187861458679,11.768051787427275,13.83689944023908,1.0868876767990567,1.0868876767990567,1.0868876767990567,1.2219650675267686,1.2219650675267686,1.2219650675267686,17.581166343750198,Safe ,
13.613738959435388,13.253187861458679,11.768051787427275,13.83689944023908,1.0868876767990567,1.0868876767990567,1.0868876767990567,1.2219650675267686,1.2219650675267686,1.2219650675267686,18.304209500630062,Safe ,
13.613738959435388,13.253187861458679,11.768051787427275,13.83689944023908,1.0868876767990567,1.0868876767990567,1.0868876767990567,1.2219650675267686,1.2219650675267686,1.2219650675267686,18.339338863022608,Safe ,
13.613738959435388,13.253187861458679,11.768051787427275,13.83689944023908,1.0868876767990567,1.0868876767990567,1.0868876767990567,1.2219650675267686,1.2219650675267686,1.2219650675267686,16.191409403401146,Safe ,
13.613738959435388,13.253187861458679,11.768051787427275,13.83689944023908,1.0868876767990567,1.0868876767990567,1.0868876767990567,1.2219650675267686,1.2219650675267686,1.2219650675267686,16.98900147054263,Safe ,
13.613738959435388,13.253187861458679,11.768051787427275,13.83689944023908,1.0868876767990567,1.0868876767990567,1.0868876767990567,1.2219650675267686,1.2219650675267686,1.2219650675267686,17.24736043909464,Safe ,
13.613738959435388,13.253187861458679,11.768051787427275,13.83689944023908,1.0868876767990567,1.0868876767990567,1.0868876767990567,1.2219650675267686,1.2219650675267686,1.2219650675267686,19.116150401820665,Safe ,
13.613738959435388,13.253187861458679,11.768051787427275,13.83689944023908,1.0868876767990567,1.0868876767990567,1.0868876767990567,1.2219650675267686,1.2219650675267686,1.2219650675267686,19.17080161890948,Safe ,
13.613738959435388,13.253187861458679,11.768051787427275,13.83689944023908,1.0868876767990567,1.0868876767990567,1.0868876767990567,1.2219650675267686,1.2219650675267686,1.2219650675267686,17.88672482550545,Safe ,
13.613738959435388,13.253187861458679,11.768051787427275,13.83689944023908,1.0868876767990567,1.0868876767990567,1.0868876767990567,1.2219650675267686,1.2219650675267686,1.2219650675267686,15.565125276671983,Safe ,
13.613738959435388,13.253187861458679,11.768051787427275,13.83689944023908,1.0868876767990567,1.0868876767990567,1.0868876767990567,1.2219650675267686,1.2219650675267686,1.2219650675267686,18.723283049008465,Safe ,
13.613738959435388,13.253187861458679,11.768051787427275,13.83689944023908,1.0868876767990567,1.0868876767990567,1.0868876767990567,1.2219650675267686,1.2219650675267686,1.2219650675267686,19.292928087252886,Safe ,
13.613738959435388,13.253187861458679,11.768051787427275,13.83689944023908,1.0868876767990567,1.0868876767990567,1.0868876767990567,1.2219650675267686,1.2219650675267686,1.2219650675267686,15.345068044508261,Safe ,
13.613738959435388,13.253187861458679,11.768051787427275,13.83689944023908,1.0868876767990567,1.0868876767990567,1.0868876767990567,1.2219650675267686,1.2219650675267686,1.2219650675267686,17.7145748935988,Safe ,
13.613738959435388,13.253187861458679,11.768051787427275,13.83689944023908,1.0868876767990567,1.0868876767990567,1.0868876767990567,1.2219650675267686,1.2219650675267686,1.2219650675267686,17.782354845855227,Safe ,
13.613738959435388,13.253187861458679,11.768051787427275,13.83689944023908,1.0868876767990567,1.0868876767990567,1.0868876767990567,1.2219650675267686,1.2219650675267686,1.2219650675267686,18.0759024901444,Safe ,
13.613738959435388,13.253187861458679,11.768051787427275,13.83689944023908,1.0868876767990567,1.0868876767990567,1.0868876767990567,1.2219650675267686,1.2219650675267686,1.2219650675267686,18.123467345697456,Safe ,
13.613738959435388,13.253187861458679,11.768051787427275,13.83689944023908,1.0868876767990567,1.0868876767990567,1.0868876767990567,1.2219650675267686,1.2219650675267686,1.2219650675267686,15.762428697113458,Safe ,
13.613738959435388,13.253187861458679,11.768051787427275,13.83689944023908,1.0868876767990567,1.0868876767990567,1.0868876767990567,1.2219650675267686,1.2219650675267686,1.2219650675267686,20.131287190779858,Safe ,
13.613738959435388,13.253187861458679,11.768051787427275,13.83689944023908,1.0868876767990567,1.0868876767990567,1.0868876767990567,1.2219650675267686,1.2219650675267686,1.2219650675267686,20.946161184071528,Safe ,
13.613738959435388,13.253187861458679,11.768051787427275,13.83689944023908,1.0868876767990567,1.0868876767990567,1.0868876767990567,1.2219650675267686,1.2219650675267686,1.2219650675267686,16.968193792096177,Safe ,
13.613738959435388,13.253187861458679,11.768051787427275,13.83689944023908,1.0868876767990567,1.0868876767990567,1.0868876767990567,1.2219650675267686,1.2219650675267686,1.2219650675267686,17.330214063761183,Safe ,
13.613738959435388,13.253187861458679,11.768051787427275,13.83689944023908,1.0868876767990567,1.0868876767990567,1.0868876767990567,1.2219650675267686,1.2219650675267686,1.2219650675267686,17.58731595526191,Safe ,
13.613738959435388,13.253187861458679,11.768051787427275,13.83689944023908,1.0868876767990567,1.0868876767990567,1.0868876767990567,1.2219650675267686,1.2219650675267686,1.2219650675267686,16.669463697281106,Safe ,
13.613738959435388,13.253187861458679,11.768051787427275,13.83689944023908,1.0868876767990567,1.0868876767990567,1.0868876767990567,1.2219650675267686,1.2219650675267686,1.2219650675267686,16.933296588921824,Safe ,
13.613738959435388,13.253187861458679,11.768051787427275,13.83689944023908,1.0868876767990567,1.0868876767990567,1.0868876767990567,1.2219650675267686,1.2219650675267686,1.2219650675267686,18.072701876124096,Safe ,
13.613738959435388,13.253187861458679,11.768051787427275,13.83689944023908,1.0868876767990567,1.0868876767990567,1.0868876767990567,1.2219650675267686,1.2219650675267686,1.2219650675267686,19.835978301983392,Safe ,
13.613738959435388,13.253187861458679,11.768051787427275,13.83689944023908,1.0868876767990567,1.0868876767990567,1.0868876767990567,1.2219650675267686,1.2219650675267686,1.2219650675267686,19.517559731706182,Safe ,
13.613738959435388,13.253187861458679,11.768051787427275,13.83689944023908,1.0868876767990567,1.0868876767990567,1.0868876767990567,1.2219650675267686,1.2219650675267686,1.2219650675267686,18.229673096067916,Safe ,
13.613738959435388,13.253187861458679,11.768051787427275,13.83689944023908,1.0868876767990567,1.0868876767990567,1.0868876767990567,1.2219650675267686,1.2219650675267686,1.2219650675267686,20.073171809895623,Safe ,
13.613738959435388,13.253187861458679,11.768051787427275,13.83689944023908,1.0868876767990567,1.0868876767990567,1.0868876767990567,1.2219650675267686,1.2219650675267686,1.2219650675267686,19.245433290701282,Safe ,
13.613738959435388,13.253187861458679,11.768051787427275,13.83689944023908,1.0868876767990567,1.0868876767990567,1.0868876767990567,1.2219650675267686,1.2219650675267686,1.2219650675267686,17.86284835042633,Safe ,
13.613738959435388,13.253187861458679,11.768051787427275,13.83689944023908,1.0868876767990567,1.0868876767990567,1.0868876767990567,1.2219650675267686,1.2219650675267686,1.2219650675267686,18.789282533419716,Safe ,
13.613738959435388,13.253187861458679,11.768051787427275,13.83689944023908,1.0868876767990567,1.0868876767990567,1.0868876767990567,1.2219650675267686,1.2219650675267686,1.2219650675267686,17.830800743939115,Safe ,
13.613738959435388,13.253187861458679,11.768051787427275,13.83689944023908,1.0868876767990567,1.0868876767990567,1.0868876767990567,1.2219650675267686,1.2219650675267686,1.2219650675267686,18.74220965218767,Safe ,
13.613738959435388,13.253187861458679,11.768051787427275,13.83689944023908,1.0868876767990567,1.0868876767990567,1.0868876767990567,1.2219650675267686,1.2219650675267686,1.2219650675267686,21.082099088962753,Safe ,
13.613738959435388,13.253187861458679,11.768051787427275,13.83689944023908,1.0868876767990567,1.0868876767990567,1.0868876767990567,1.2219650675267686,1.2219650675267686,1.2219650675267686,17.66826008497413,Safe ,
13.613738959435388,13.253187861458679,11.768051787427275,13.83689944023908,1.0868876767990567,1.0868876767990567,1.0868876767990567,1.2219650675267686,1.2219650675267686,1.2219650675267686,19.165593627299046,Safe ,
13.613738959435388,13.253187861458679,11.768051787427275,13.83689944023908,1.0868876767990567,1.0868876767990567,1.0868876767990567,1.2219650675267686,1.2219650675267686,1.2219650675267686,14.974678441341686,Safe ,
13.613738959435388,13.253187861458679,11.768051787427275,13.83689944023908,1.0868876767990567,1.0868876767990567,1.0868876767990567,1.2219650675267686,1.2219650675267686,1.2219650675267686,18.261431382681376,Safe ,
13.613738959435388,13.253187861458679,11.768051787427275,13.83689944023908,1.0868876767990567,1.0868876767990567,1.0868876767990567,1.2219650675267686,1.2219650675267686,1.2219650675267686,17.234196970318557,Safe ,
13.613738959435388,13.253187861458679,11.768051787427275,13.83689944023908,1.0868876767990567,1.0868876767990567,1.0868876767990567,1.2219650675267686,1.2219650675267686,1.2219650675267686,18.251840380803532,Safe ,
13.613738959435388,13.253187861458679,11.768051787427275,13.83689944023908,1.0868876767990567,1.0868876767990567,1.0868876767990567,1.2219650675267686,1.2219650675267686,1.2219650675267686,15.80761361200801,Safe ,
13.613738959435388,13.253187861458679,11.768051787427275,13.83689944023908,1.0868876767990567,1.0868876767990567,1.0868876767990567,1.2219650675267686,1.2219650675267686,1.2219650675267686,17.827465491024736,Safe ,
13.613738959435388,13.253187861458679,11.768051787427275,13.83689944023908,1.0868876767990567,1.0868876767990567,1.0868876767990567,1.2219650675267686,1.2219650675267686,1.2219650675267686,19.259021858849803,Safe ,
13.613738959435388,13.253187861458679,11.768051787427275,13.83689944023908,1.0868876767990567,1.0868876767990567,1.0868876767990567,1.2219650675267686,1.2219650675267686,1.2219650675267686,17.683761028092626,Safe ,
13.613738959435388,13.253187861458679,11.768051787427275,13.83689944023908,1.0868876767990567,1.0868876767990567,1.0868876767990567,1.2219650675267686,1.2219650675267686,1.2219650675267686,16.016706179024567,Safe ,
13.613738959435388,13.253187861458679,11.768051787427275,13.83689944023908,1.0868876767990567,1.0868876767990567,1.0868876767990567,1.2219650675267686,1.2219650675267686,1.2219650675267686,16.284631930460606,Safe ,
13.613738959435388,13.253187861458679,11.768051787427275,13.83689944023908,1.0868876767990567,1.0868876767990567,1.0868876767990567,1.2219650675267686,1.2219650675267686,1.2219650675267686,19.05469131280294,Safe ,
13.613738959435388,13.253187861458679,11.768051787427275,13.83689944023908,1.0868876767990567,1.0868876767990567,1.0868876767990567,1.2219650675267686,1.2219650675267686,1.2219650675267686,20.683914118901118,Safe ,
13.613738959435388,13.253187861458679,11.768051787427275,13.83689944023908,1.0868876767990567,1.0868876767990567,1.0868876767990567,1.2219650675267686,1.2219650675267686,1.2219650675267686,17.794246369368775,Safe ,
13.613738959435388,13.253187861458679,11.768051787427275,13.83689944023908,1.0868876767990567,1.0868876767990567,1.0868876767990567,1.2219650675267686,1.2219650675267686,1.2219650675267686,16.574489163239054,Safe ,
13.613738959435388,13.253187861458679,11.768051787427275,13.83689944023908,1.0868876767990567,1.0868876767990567,1.0868876767990567,1.2219650675267686,1.2219650675267686,1.2219650675267686,17.454601996642833,Safe ,
13.613738959435388,13.253187861458679,11.768051787427275,13.83689944023908,1.0868876767990567,1.0868876767990567,1.0868876767990567,1.2219650675267686,1.2219650675267686,1.2219650675267686,20.197644331520692,Safe ,
13.613738959435388,13.253187861458679,11.768051787427275,13.83689944023908,1.0868876767990567,1.0868876767990567,1.0868876767990567,1.2219650675267686,1.2219650675267686,1.2219650675267686,15.883554478562496,Safe ,
13.613738959435388,13.253187861458679,11.768051787427275,13.83689944023908,1.0868876767990567,1.0868876767990567,1.0868876767990567,1.2219650675267686,1.2219650675267686,1.2219650675267686,15.731641077099951,Safe ,
13.613738959435388,13.253187861458679,11.768051787427275,13.83689944023908,1.0868876767990567,1.0868876767990567,1.0868876767990567,1.2219650675267686,1.2219650675267686,1.2219650675267686,18.530902961635704,Safe ,
13.613738959435388,13.253187861458679,11.768051787427275,13.83689944023908,1.0868876767990567,1.0868876767990567,1.0868876767990567,1.2219650675267686,1.2219650675267686,1.2219650675267686,16.534735086057278,Safe ,
13.613738959435388,13.253187861458679,11.768051787427275,13.83689944023908,1.0868876767990567,1.0868876767990567,1.0868876767990567,1.2219650675267686,1.2219650675267686,1.2219650675267686,19.385124653859275,Safe ,
13.613738959435388,13.253187861458679,11.768051787427275,13.83689944023908,1.0868876767990567,1.0868876767990567,1.0868876767990567,1.2219650675267686,1.2219650675267686,1.2219650675267686,18.099392645399096,Safe ,
13.613738959435388,13.253187861458679,11.768051787427275,13.83689944023908,1.0868876767990567,1.0868876767990567,1.0868876767990567,1.2219650675267686,1.2219650675267686,1.2219650675267686,19.720513666484567,Safe ,
13.613738959435388,13.253187861458679,11.768051787427275,13.83689944023908,1.0868876767990567,1.0868876767990567,1.0868876767990567,1.2219650675267686,1.2219650675267686,1.2219650675267686,15.16366736552039,Safe ,
13.613738959435388,13.253187861458679,11.768051787427275,13.83689944023908,1.0868876767990567,1.0868876767990567,1.0868876767990567,1.2219650675267686,1.2219650675267686,1.2219650675267686,17.78165050034694,Safe ,
13.613738959435388,13.253187861458679,11.768051787427275,13.83689944023908,1.0868876767990567,1.0868876767990567,1.0868876767990567,1.2219650675267686,1.2219650675267686,1.2219650675267686,18.317275510247764,Safe ,
13.613738959435388,13.253187861458679,11.768051787427275,13.83689944023908,1.0868876767990567,1.0868876767990567,1.0868876767990567,1.2219650675267686,1.2219650675267686,1.2219650675267686,17.585363274453556,Safe ,
13.613738959435388,13.253187861458679,11.768051787427275,13.83689944023908,1.0868876767990567,1.0868876767990567,1.0868876767990567,1.2219650675267686,1.2219650675267686,1.2219650675267686,17.794126411909254,Safe ,
13.613738959435388,13.253187861458679,11.768051787427275,13.83689944023908,1.0868876767990567,1.0868876767990567,1.0868876767990567,1.2219650675267686,1.2219650675267686,1.2219650675267686,18.898440233880045,Safe ,
13.613738959435388,13.253187861458679,11.768051787427275,13.83689944023908,1.0868876767990567,1.0868876767990567,1.0868876767990567,1.2219650675267686,1.2219650675267686,1.2219650675267686,16.67570869114051,Safe ,
13.613738959435388,13.253187861458679,11.768051787427275,13.83689944023908,1.0868876767990567,1.0868876767990567,1.0868876767990567,1.2219650675267686,1.2219650675267686,1.2219650675267686,15.054209531853097,Safe ,
13.613738959435388,13.253187861458679,11.768051787427275,13.83689944023908,1.0868876767990567,1.0868876767990567,1.0868876767990567,1.2219650675267686,1.2219650675267686,1.2219650675267686,16.679374407386284,Safe ,
13.613738959435388,13.253187861458679,11.768051787427275,13.83689944023908,1.0868876767990567,1.0868876767990567,1.0868876767990567,1.2219650675267686,1.2219650675267686,1.2219650675267686,16.784017846045373,Safe ,
13.613738959435388,13.253187861458679,11.768051787427275,13.83689944023908,1.0868876767990567,1.0868876767990567,1.0868876767990567,1.2219650675267686,1.2219650675267686,1.2219650675267686,16.627445885999077,Safe ,
13.613738959435388,13.253187861458679,11.768051787427275,13.83689944023908,1.0868876767990567,1.0868876767990567,1.0868876767990567,1.2219650675267686,1.2219650675267686,1.2219650675267686,16.04775810996423,Safe ,
13.613738959435388,13.253187861458679,11.768051787427275,13.83689944023908,1.0868876767990567,1.0868876767990567,1.0868876767990567,1.2219650675267686,1.2219650675267686,1.2219650675267686,17.59602597498181,Safe ,
13.613738959435388,13.253187861458679,11.768051787427275,13.83689944023908,1.0868876767990567,1.0868876767990567,1.0868876767990567,1.2219650675267686,1.2219650675267686,1.2219650675267686,17.575352312731766,Safe ,
13.613738959435388,13.253187861458679,11.768051787427275,13.83689944023908,1.0868876767990567,1.0868876767990567,1.0868876767990567,1.2219650675267686,1.2219650675267686,1.2219650675267686,20.991847716494803,Safe ,
13.613738959435388,13.253187861458679,11.768051787427275,13.83689944023908,1.0868876767990567,1.0868876767990567,1.0868876767990567,1.2219650675267686,1.2219650675267686,1.2219650675267686,16.759966520062356,Safe ,
13.613738959435388,13.253187861458679,11.768051787427275,13.83689944023908,1.0868876767990567,1.0868876767990567,1.0868876767990567,1.2219650675267686,1.2219650675267686,1.2219650675267686,17.383067832194975,Safe ,
13.613738959435388,13.253187861458679,11.768051787427275,13.83689944023908,1.0868876767990567,1.0868876767990567,1.0868876767990567,1.2219650675267686,1.2219650675267686,1.2219650675267686,18.100426431586953,Safe ,
13.613738959435388,13.253187861458679,11.768051787427275,13.83689944023908,1.0868876767990567,1.0868876767990567,1.0868876767990567,1.2219650675267686,1.2219650675267686,1.2219650675267686,20.164760832988346,Safe ,
13.613738959435388,13.253187861458679,11.768051787427275,13.83689944023908,1.0868876767990567,1.0868876767990567,1.0868876767990567,1.2219650675267686,1.2219650675267686,1.2219650675267686,19.3522226833664,Safe ,
13.613738959435388,13.253187861458679,11.768051787427275,13.83689944023908,1.0868876767990567,1.0868876767990567,1.0868876767990567,1.2219650675267686,1.2219650675267686,1.2219650675267686,18.40309132898576,Safe ,
13.613738959435388,13.253187861458679,11.768051787427275,13.83689944023908,1.0868876767990567,1.0868876767990567,1.0868876767990567,1.2219650675267686,1.2219650675267686,1.2219650675267686,21.44784428459983,Safe ,
13.613738959435388,13.253187861458679,11.768051787427275,13.83689944023908,1.0868876767990567,1.0868876767990567,1.0868876767990567,1.2219650675267686,1.2219650675267686,1.2219650675267686,16.135587321812892,Safe ,
13.613738959435388,13.253187861458679,11.768051787427275,13.83689944023908,1.0868876767990567,1.0868876767990567,1.0868876767990567,1.2219650675267686,1.2219650675267686,1.2219650675267686,19.218312629483094,Safe ,
13.613738959435388,13.253187861458679,11.768051787427275,13.83689944023908,1.0868876767990567,1.0868876767990567,1.0868876767990567,1.2219650675267686,1.2219650675267686,1.2219650675267686,22.43713290983745,Safe ,
13.613738959435388,13.253187861458679,11.768051787427275,13.83689944023908,1.0868876767990567,1.0868876767990567,1.0868876767990567,1.2219650675267686,1.2219650675267686,1.2219650675267686,17.63052414445586,Safe ,
13.613738959435388,13.253187861458679,11.768051787427275,13.83689944023908,1.0868876767990567,1.0868876767990567,1.0868876767990567,1.2219650675267686,1.2219650675267686,1.2219650675267686,19.434213299035545,Safe ,
13.613738959435388,13.253187861458679,11.768051787427275,13.83689944023908,1.0868876767990567,1.0868876767990567,1.0868876767990567,1.2219650675267686,1.2219650675267686,1.2219650675267686,16.17393436210679,Safe ,
13.613738959435388,13.253187861458679,11.768051787427275,13.83689944023908,1.0868876767990567,1.0868876767990567,1.0868876767990567,1.2219650675267686,1.2219650675267686,1.2219650675267686,17.86138615862358,Safe ,
13.613738959435388,13.253187861458679,11.768051787427275,13.83689944023908,1.0868876767990567,1.0868876767990567,1.0868876767990567,1.2219650675267686,1.2219650675267686,1.2219650675267686,18.977356353015093,Safe ,
13.613738959435388,13.253187861458679,11.768051787427275,13.83689944023908,1.0868876767990567,1.0868876767990567,1.0868876767990567,1.2219650675267686,1.2219650675267686,1.2219650675267686,19.40430837792899,Safe ,
13.613738959435388,13.253187861458679,11.768051787427275,13.83689944023908,1.0868876767990567,1.0868876767990567,1.0868876767990567,1.2219650675267686,1.2219650675267686,1.2219650675267686,18.39135928788002,Safe ,
13.613738959435388,13.253187861458679,11.768051787427275,13.83689944023908,1.0868876767990567,1.0868876767990567,1.0868876767990567,1.2219650675267686,1.2219650675267686,1.2219650675267686,18.204924812502885,Safe ,
13.613738959435388,13.253187861458679,11.768051787427275,13.83689944023908,1.0868876767990567,1.0868876767990567,1.0868876767990567,1.2219650675267686,1.2219650675267686,1.2219650675267686,18.546675369555285,Safe ,
13.613738959435388,13.253187861458679,11.768051787427275,13.83689944023908,1.0868876767990567,1.0868876767990567,1.0868876767990567,1.2219650675267686,1.2219650675267686,1.2219650675267686,16.71028240835989,Safe ,
13.613738959435388,13.253187861458679,11.768051787427275,13.83689944023908,1.0868876767990567,1.0868876767990567,1.0868876767990567,1.2219650675267686,1.2219650675267686,1.2219650675267686,19.09390995717284,Safe ,
13.613738959435388,13.253187861458679,11.768051787427275,13.83689944023908,1.0868876767990567,1.0868876767990567,1.0868876767990567,1.2219650675267686,1.2219650675267686,1.2219650675267686,18.739444728464793,Safe ,
13.613738959435388,13.253187861458679,11.768051787427275,13.83689944023908,1.0868876767990567,1.0868876767990567,1.0868876767990567,1.2219650675267686,1.2219650675267686,1.2219650675267686,16.600065894930637,Safe ,
13.613738959435388,13.253187861458679,11.768051787427275,13.83689944023908,1.0868876767990567,1.0868876767990567,1.0868876767990567,1.2219650675267686,1.2219650675267686,1.2219650675267686,17.076295402247407,Safe ,
13.613738959435388,13.253187861458679,11.768051787427275,13.83689944023908,1.0868876767990567,1.0868876767990567,1.0868876767990567,1.2219650675267686,1.2219650675267686,1.2219650675267686,15.683749993894521,Safe ,
13.613738959435388,13.253187861458679,11.768051787427275,13.83689944023908,1.0868876767990567,1.0868876767990567,1.0868876767990567,1.2219650675267686,1.2219650675267686,1.2219650675267686,16.6583665131139,Safe ,
13.613738959435388,13.253187861458679,11.768051787427275,13.83689944023908,1.0868876767990567,1.0868876767990567,1.0868876767990567,1.2219650675267686,1.2219650675267686,1.2219650675267686,17.652797399327646,Safe ,
13.613738959435388,13.253187861458679,11.768051787427275,13.83689944023908,1.0868876767990567,1.0868876767990567,1.0868876767990567,1.2219650675267686,1.2219650675267686,1.2219650675267686,17.684211172033766,Safe ,
13.613738959435388,13.253187861458679,11.768051787427275,13.83689944023908,1.0868876767990567,1.0868876767990567,1.0868876767990567,1.2219650675267686,1.2219650675267686,1.2219650675267686,19.25110590995069,Safe ,
13.613738959435388,13.253187861458679,11.768051787427275,13.83689944023908,1.0868876767990567,1.0868876767990567,1.0868876767990567,1.2219650675267686,1.2219650675267686,1.2219650675267686,17.87388122450036,Safe ,
13.613738959435388,13.253187861458679,11.768051787427275,13.83689944023908,1.0868876767990567,1.0868876767990567,1.0868876767990567,1.2219650675267686,1.2219650675267686,1.2219650675267686,16.120032763237464,Safe ,
13.613738959435388,13.253187861458679,11.768051787427275,13.83689944023908,1.0868876767990567,1.0868876767990567,1.0868876767990567,1.2219650675267686,1.2219650675267686,1.2219650675267686,16.833653172181066,Safe ,
13.613738959435388,13.253187861458679,11.768051787427275,13.83689944023908,1.0868876767990567,1.0868876767990567,1.0868876767990567,1.2219650675267686,1.2219650675267686,1.2219650675267686,17.78535207573275,Safe ,
13.613738959435388,13.253187861458679,11.768051787427275,13.83689944023908,1.0868876767990567,1.0868876767990567,1.0868876767990567,1.2219650675267686,1.2219650675267686,1.2219650675267686,20.670879004407972,Safe ,
13.613738959435388,13.253187861458679,11.768051787427275,13.83689944023908,1.0868876767990567,1.0868876767990567,1.0868876767990567,1.2219650675267686,1.2219650675267686,1.2219650675267686,17.605897462732134,Safe ,
13.613738959435388,13.253187861458679,11.768051787427275,13.83689944023908,1.0868876767990567,1.0868876767990567,1.0868876767990567,1.2219650675267686,1.2219650675267686,1.2219650675267686,19.521445536300387,Safe ,
13.613738959435388,13.253187861458679,11.768051787427275,13.83689944023908,1.0868876767990567,1.0868876767990567,1.0868876767990567,1.2219650675267686,1.2219650675267686,1.2219650675267686,18.475959135171603,Safe ,
13.613738959435388,13.253187861458679,11.768051787427275,13.83689944023908,1.0868876767990567,1.0868876767990567,1.0868876767990567,1.2219650675267686,1.2219650675267686,1.2219650675267686,16.462176306182442,Safe ,
13.613738959435388,13.253187861458679,11.768051787427275,13.83689944023908,1.0868876767990567,1.0868876767990567,1.0868876767990567,1.2219650675267686,1.2219650675267686,1.2219650675267686,16.41699137304743,Safe ,
13.613738959435388,13.253187861458679,11.768051787427275,13.83689944023908,1.0868876767990567,1.0868876767990567,1.0868876767990567,1.2219650675267686,1.2219650675267686,1.2219650675267686,17.34903871628908,Safe ,
