W14X22, L = 360.0 in, slope = 0.020833333333333332 in/in, dead load = 6.944444444444444e-05 kip/in^2
zwlim AISC Appendix 2,zwlim DAMP,zwlim Proposed for ASCE 7,zwlim Neglect Ponding,dhnom Denver,dhnom New York,dhnom New Orleans,dh Denver,dh New York,dh New Orleans,dmax
15.157592197472677,15.445593418066442,13.32206666549804,15.157592197472677,9.197324156471891,9.197324156471891,9.197324156471891,14.105630886487893,14.105630886487893,14.105630886487893,22.045298010707768,Safe ,
15.157592197472677,15.445593418066442,13.32206666549804,15.157592197472677,9.197324156471891,9.197324156471891,9.197324156471891,14.105630886487893,14.105630886487893,14.105630886487893,19.2593100683443,Fail ,
15.157592197472677,15.445593418066442,13.32206666549804,15.157592197472677,9.197324156471891,9.197324156471891,9.197324156471891,14.105630886487893,14.105630886487893,14.105630886487893,18.530553683144703,Fail ,
15.157592197472677,15.445593418066442,13.32206666549804,15.157592197472677,9.197324156471891,9.197324156471891,9.197324156471891,14.105630886487893,14.105630886487893,14.105630886487893,21.764277615033016,Safe ,
15.157592197472677,15.445593418066442,13.32206666549804,15.157592197472677,9.197324156471891,9.197324156471891,9.197324156471891,14.105630886487893,14.105630886487893,14.105630886487893,18.273747958433862,Fail ,
15.157592197472677,15.445593418066442,13.32206666549804,15.157592197472677,9.197324156471891,9.197324156471891,9.197324156471891,14.105630886487893,14.105630886487893,14.105630886487893,26.923989836823317,Safe ,
15.157592197472677,15.445593418066442,13.32206666549804,15.157592197472677,9.197324156471891,9.197324156471891,9.197324156471891,14.105630886487893,14.105630886487893,14.105630886487893,20.339782013521386,Fail ,
15.157592197472677,15.445593418066442,13.32206666549804,15.157592197472677,9.197324156471891,9.197324156471891,9.197324156471891,14.105630886487893,14.105630886487893,14.105630886487893,18.445567649841497,Fail ,
15.157592197472677,15.445593418066442,13.32206666549804,15.157592197472677,9.197324156471891,9.197324156471891,9.197324156471891,14.105630886487893,14.105630886487893,14.105630886487893,21.263733014912283,Safe ,
15.157592197472677,15.445593418066442,13.32206666549804,15.157592197472677,9.197324156471891,9.197324156471891,9.197324156471891,14.105630886487893,14.105630886487893,14.105630886487893,19.982748676970914,Fail ,
15.157592197472677,15.445593418066442,13.32206666549804,15.157592197472677,9.197324156471891,9.197324156471891,9.197324156471891,14.105630886487893,14.105630886487893,14.105630886487893,17.626036391883382,Fail ,
15.157592197472677,15.445593418066442,13.32206666549804,15.157592197472677,9.197324156471891,9.197324156471891,9.197324156471891,14.105630886487893,14.105630886487893,14.105630886487893,17.020648340172414,Fail ,
15.157592197472677,15.445593418066442,13.32206666549804,15.157592197472677,9.197324156471891,9.197324156471891,9.197324156471891,14.105630886487893,14.105630886487893,14.105630886487893,21.457268522199872,Safe ,
15.157592197472677,15.445593418066442,13.32206666549804,15.157592197472677,9.197324156471891,9.197324156471891,9.197324156471891,14.105630886487893,14.105630886487893,14.105630886487893,18.86118251971309,Fail ,
15.157592197472677,15.445593418066442,13.32206666549804,15.157592197472677,9.197324156471891,9.197324156471891,9.197324156471891,14.105630886487893,14.105630886487893,14.105630886487893,21.855075081294544,Safe ,
15.157592197472677,15.445593418066442,13.32206666549804,15.157592197472677,9.197324156471891,9.197324156471891,9.197324156471891,14.105630886487893,14.105630886487893,14.105630886487893,19.85358461007763,Fail ,
15.157592197472677,15.445593418066442,13.32206666549804,15.157592197472677,9.197324156471891,9.197324156471891,9.197324156471891,14.105630886487893,14.105630886487893,14.105630886487893,20.5151654126907,Safe ,
15.157592197472677,15.445593418066442,13.32206666549804,15.157592197472677,9.197324156471891,9.197324156471891,9.197324156471891,14.105630886487893,14.105630886487893,14.105630886487893,22.44669797397451,Safe ,
15.157592197472677,15.445593418066442,13.32206666549804,15.157592197472677,9.197324156471891,9.197324156471891,9.197324156471891,14.105630886487893,14.105630886487893,14.105630886487893,18.38483612033899,Fail ,
15.157592197472677,15.445593418066442,13.32206666549804,15.157592197472677,9.197324156471891,9.197324156471891,9.197324156471891,14.105630886487893,14.105630886487893,14.105630886487893,19.32811780739046,Fail ,
15.157592197472677,15.445593418066442,13.32206666549804,15.157592197472677,9.197324156471891,9.197324156471891,9.197324156471891,14.105630886487893,14.105630886487893,14.105630886487893,18.30013519767477,Fail ,
15.157592197472677,15.445593418066442,13.32206666549804,15.157592197472677,9.197324156471891,9.197324156471891,9.197324156471891,14.105630886487893,14.105630886487893,14.105630886487893,21.688746700909096,Safe ,
15.157592197472677,15.445593418066442,13.32206666549804,15.157592197472677,9.197324156471891,9.197324156471891,9.197324156471891,14.105630886487893,14.105630886487893,14.105630886487893,22.568220167276206,Safe ,
15.157592197472677,15.445593418066442,13.32206666549804,15.157592197472677,9.197324156471891,9.197324156471891,9.197324156471891,14.105630886487893,14.105630886487893,14.105630886487893,20.091612067294303,Fail ,
15.157592197472677,15.445593418066442,13.32206666549804,15.157592197472677,9.197324156471891,9.197324156471891,9.197324156471891,14.105630886487893,14.105630886487893,14.105630886487893,19.210023890110357,Fail ,
15.157592197472677,15.445593418066442,13.32206666549804,15.157592197472677,9.197324156471891,9.197324156471891,9.197324156471891,14.105630886487893,14.105630886487893,14.105630886487893,16.94566652402911,Fail ,
15.157592197472677,15.445593418066442,13.32206666549804,15.157592197472677,9.197324156471891,9.197324156471891,9.197324156471891,14.105630886487893,14.105630886487893,14.105630886487893,21.15898601666063,Safe ,
15.157592197472677,15.445593418066442,13.32206666549804,15.157592197472677,9.197324156471891,9.197324156471891,9.197324156471891,14.105630886487893,14.105630886487893,14.105630886487893,20.848326024139336,Safe ,
15.157592197472677,15.445593418066442,13.32206666549804,15.157592197472677,9.197324156471891,9.197324156471891,9.197324156471891,14.105630886487893,14.105630886487893,14.105630886487893,18.469617973908985,Fail ,
15.157592197472677,15.445593418066442,13.32206666549804,15.157592197472677,9.197324156471891,9.197324156471891,9.197324156471891,14.105630886487893,14.105630886487893,14.105630886487893,23.290602119247694,Safe ,
15.157592197472677,15.445593418066442,13.32206666549804,15.157592197472677,9.197324156471891,9.197324156471891,9.197324156471891,14.105630886487893,14.105630886487893,14.105630886487893,20.46372501455837,Safe ,
15.157592197472677,15.445593418066442,13.32206666549804,15.157592197472677,9.197324156471891,9.197324156471891,9.197324156471891,14.105630886487893,14.105630886487893,14.105630886487893,21.191906965973555,Safe ,
15.157592197472677,15.445593418066442,13.32206666549804,15.157592197472677,9.197324156471891,9.197324156471891,9.197324156471891,14.105630886487893,14.105630886487893,14.105630886487893,19.023614662591847,Fail ,
15.157592197472677,15.445593418066442,13.32206666549804,15.157592197472677,9.197324156471891,9.197324156471891,9.197324156471891,14.105630886487893,14.105630886487893,14.105630886487893,22.60976300366845,Safe ,
15.157592197472677,15.445593418066442,13.32206666549804,15.157592197472677,9.197324156471891,9.197324156471891,9.197324156471891,14.105630886487893,14.105630886487893,14.105630886487893,21.507526477753046,Safe ,
15.157592197472677,15.445593418066442,13.32206666549804,15.157592197472677,9.197324156471891,9.197324156471891,9.197324156471891,14.105630886487893,14.105630886487893,14.105630886487893,18.40094565869811,Fail ,
15.157592197472677,15.445593418066442,13.32206666549804,15.157592197472677,9.197324156471891,9.197324156471891,9.197324156471891,14.105630886487893,14.105630886487893,14.105630886487893,20.817378597786888,Safe ,
15.157592197472677,15.445593418066442,13.32206666549804,15.157592197472677,9.197324156471891,9.197324156471891,9.197324156471891,14.105630886487893,14.105630886487893,14.105630886487893,21.165258745614437,Safe ,
15.157592197472677,15.445593418066442,13.32206666549804,15.157592197472677,9.197324156471891,9.197324156471891,9.197324156471891,14.105630886487893,14.105630886487893,14.105630886487893,22.053623429484333,Safe ,
15.157592197472677,15.445593418066442,13.32206666549804,15.157592197472677,9.197324156471891,9.197324156471891,9.197324156471891,14.105630886487893,14.105630886487893,14.105630886487893,17.822092597688947,Fail ,
15.157592197472677,15.445593418066442,13.32206666549804,15.157592197472677,9.197324156471891,9.197324156471891,9.197324156471891,14.105630886487893,14.105630886487893,14.105630886487893,22.521972911129176,Safe ,
15.157592197472677,15.445593418066442,13.32206666549804,15.157592197472677,9.197324156471891,9.197324156471891,9.197324156471891,14.105630886487893,14.105630886487893,14.105630886487893,19.04002074731218,Fail ,
15.157592197472677,15.445593418066442,13.32206666549804,15.157592197472677,9.197324156471891,9.197324156471891,9.197324156471891,14.105630886487893,14.105630886487893,14.105630886487893,19.990088348271904,Fail ,
15.157592197472677,15.445593418066442,13.32206666549804,15.157592197472677,9.197324156471891,9.197324156471891,9.197324156471891,14.105630886487893,14.105630886487893,14.105630886487893,19.509254920090033,Fail ,
15.157592197472677,15.445593418066442,13.32206666549804,15.157592197472677,9.197324156471891,9.197324156471891,9.197324156471891,14.105630886487893,14.105630886487893,14.105630886487893,22.26328932559962,Safe ,
15.157592197472677,15.445593418066442,13.32206666549804,15.157592197472677,9.197324156471891,9.197324156471891,9.197324156471891,14.105630886487893,14.105630886487893,14.105630886487893,17.41699532889261,Fail ,
15.157592197472677,15.445593418066442,13.32206666549804,15.157592197472677,9.197324156471891,9.197324156471891,9.197324156471891,14.105630886487893,14.105630886487893,14.105630886487893,20.33036136735129,Fail ,
15.157592197472677,15.445593418066442,13.32206666549804,15.157592197472677,9.197324156471891,9.197324156471891,9.197324156471891,14.105630886487893,14.105630886487893,14.105630886487893,19.023085176988907,Fail ,
15.157592197472677,15.445593418066442,13.32206666549804,15.157592197472677,9.197324156471891,9.197324156471891,9.197324156471891,14.105630886487893,14.105630886487893,14.105630886487893,20.38589534234091,Safe ,
15.157592197472677,15.445593418066442,13.32206666549804,15.157592197472677,9.197324156471891,9.197324156471891,9.197324156471891,14.105630886487893,14.105630886487893,14.105630886487893,18.586372024908403,Fail ,
15.157592197472677,15.445593418066442,13.32206666549804,15.157592197472677,9.197324156471891,9.197324156471891,9.197324156471891,14.105630886487893,14.105630886487893,14.105630886487893,21.721499543223572,Safe ,
15.157592197472677,15.445593418066442,13.32206666549804,15.157592197472677,9.197324156471891,9.197324156471891,9.197324156471891,14.105630886487893,14.105630886487893,14.105630886487893,16.332709524207765,Fail ,
15.157592197472677,15.445593418066442,13.32206666549804,15.157592197472677,9.197324156471891,9.197324156471891,9.197324156471891,14.105630886487893,14.105630886487893,14.105630886487893,20.442177820366773,Safe ,
15.157592197472677,15.445593418066442,13.32206666549804,15.157592197472677,9.197324156471891,9.197324156471891,9.197324156471891,14.105630886487893,14.105630886487893,14.105630886487893,19.007435547889187,Fail ,
15.157592197472677,15.445593418066442,13.32206666549804,15.157592197472677,9.197324156471891,9.197324156471891,9.197324156471891,14.105630886487893,14.105630886487893,14.105630886487893,23.167862882583673,Safe ,
15.157592197472677,15.445593418066442,13.32206666549804,15.157592197472677,9.197324156471891,9.197324156471891,9.197324156471891,14.105630886487893,14.105630886487893,14.105630886487893,18.907014839944285,Fail ,
15.157592197472677,15.445593418066442,13.32206666549804,15.157592197472677,9.197324156471891,9.197324156471891,9.197324156471891,14.105630886487893,14.105630886487893,14.105630886487893,19.995815510656268,Fail ,
15.157592197472677,15.445593418066442,13.32206666549804,15.157592197472677,9.197324156471891,9.197324156471891,9.197324156471891,14.105630886487893,14.105630886487893,14.105630886487893,18.87411570487971,Fail ,
15.157592197472677,15.445593418066442,13.32206666549804,15.157592197472677,9.197324156471891,9.197324156471891,9.197324156471891,14.105630886487893,14.105630886487893,14.105630886487893,17.096016031161188,Fail ,
15.157592197472677,15.445593418066442,13.32206666549804,15.157592197472677,9.197324156471891,9.197324156471891,9.197324156471891,14.105630886487893,14.105630886487893,14.105630886487893,20.662557605417994,Safe ,
15.157592197472677,15.445593418066442,13.32206666549804,15.157592197472677,9.197324156471891,9.197324156471891,9.197324156471891,14.105630886487893,14.105630886487893,14.105630886487893,19.148293113897815,Fail ,
15.157592197472677,15.445593418066442,13.32206666549804,15.157592197472677,9.197324156471891,9.197324156471891,9.197324156471891,14.105630886487893,14.105630886487893,14.105630886487893,23.893661074203653,Safe ,
15.157592197472677,15.445593418066442,13.32206666549804,15.157592197472677,9.197324156471891,9.197324156471891,9.197324156471891,14.105630886487893,14.105630886487893,14.105630886487893,19.91423100871394,Fail ,
15.157592197472677,15.445593418066442,13.32206666549804,15.157592197472677,9.197324156471891,9.197324156471891,9.197324156471891,14.105630886487893,14.105630886487893,14.105630886487893,18.093548702431995,Fail ,
15.157592197472677,15.445593418066442,13.32206666549804,15.157592197472677,9.197324156471891,9.197324156471891,9.197324156471891,14.105630886487893,14.105630886487893,14.105630886487893,21.238980183466122,Safe ,
15.157592197472677,15.445593418066442,13.32206666549804,15.157592197472677,9.197324156471891,9.197324156471891,9.197324156471891,14.105630886487893,14.105630886487893,14.105630886487893,17.60195730749656,Fail ,
15.157592197472677,15.445593418066442,13.32206666549804,15.157592197472677,9.197324156471891,9.197324156471891,9.197324156471891,14.105630886487893,14.105630886487893,14.105630886487893,20.4286603472805,Safe ,
15.157592197472677,15.445593418066442,13.32206666549804,15.157592197472677,9.197324156471891,9.197324156471891,9.197324156471891,14.105630886487893,14.105630886487893,14.105630886487893,19.387597489953343,Fail ,
15.157592197472677,15.445593418066442,13.32206666549804,15.157592197472677,9.197324156471891,9.197324156471891,9.197324156471891,14.105630886487893,14.105630886487893,14.105630886487893,21.53308531902965,Safe ,
15.157592197472677,15.445593418066442,13.32206666549804,15.157592197472677,9.197324156471891,9.197324156471891,9.197324156471891,14.105630886487893,14.105630886487893,14.105630886487893,24.622023378706988,Safe ,
15.157592197472677,15.445593418066442,13.32206666549804,15.157592197472677,9.197324156471891,9.197324156471891,9.197324156471891,14.105630886487893,14.105630886487893,14.105630886487893,20.531396380805347,Safe ,
15.157592197472677,15.445593418066442,13.32206666549804,15.157592197472677,9.197324156471891,9.197324156471891,9.197324156471891,14.105630886487893,14.105630886487893,14.105630886487893,19.23330220817087,Fail ,
15.157592197472677,15.445593418066442,13.32206666549804,15.157592197472677,9.197324156471891,9.197324156471891,9.197324156471891,14.105630886487893,14.105630886487893,14.105630886487893,20.855744116328093,Safe ,
15.157592197472677,15.445593418066442,13.32206666549804,15.157592197472677,9.197324156471891,9.197324156471891,9.197324156471891,14.105630886487893,14.105630886487893,14.105630886487893,20.00604951432451,Fail ,
15.157592197472677,15.445593418066442,13.32206666549804,15.157592197472677,9.197324156471891,9.197324156471891,9.197324156471891,14.105630886487893,14.105630886487893,14.105630886487893,19.143922604528353,Fail ,
15.157592197472677,15.445593418066442,13.32206666549804,15.157592197472677,9.197324156471891,9.197324156471891,9.197324156471891,14.105630886487893,14.105630886487893,14.105630886487893,25.45885537804002,Safe ,
15.157592197472677,15.445593418066442,13.32206666549804,15.157592197472677,9.197324156471891,9.197324156471891,9.197324156471891,14.105630886487893,14.105630886487893,14.105630886487893,23.21209554371613,Safe ,
15.157592197472677,15.445593418066442,13.32206666549804,15.157592197472677,9.197324156471891,9.197324156471891,9.197324156471891,14.105630886487893,14.105630886487893,14.105630886487893,21.39137268494404,Safe ,
15.157592197472677,15.445593418066442,13.32206666549804,15.157592197472677,9.197324156471891,9.197324156471891,9.197324156471891,14.105630886487893,14.105630886487893,14.105630886487893,19.743082545707665,Fail ,
15.157592197472677,15.445593418066442,13.32206666549804,15.157592197472677,9.197324156471891,9.197324156471891,9.197324156471891,14.105630886487893,14.105630886487893,14.105630886487893,20.247355918628674,Fail ,
15.157592197472677,15.445593418066442,13.32206666549804,15.157592197472677,9.197324156471891,9.197324156471891,9.197324156471891,14.105630886487893,14.105630886487893,14.105630886487893,20.750789869529267,Safe ,
15.157592197472677,15.445593418066442,13.32206666549804,15.157592197472677,9.197324156471891,9.197324156471891,9.197324156471891,14.105630886487893,14.105630886487893,14.105630886487893,23.341628702598367,Safe ,
15.157592197472677,15.445593418066442,13.32206666549804,15.157592197472677,9.197324156471891,9.197324156471891,9.197324156471891,14.105630886487893,14.105630886487893,14.105630886487893,19.265505781474044,Fail ,
15.157592197472677,15.445593418066442,13.32206666549804,15.157592197472677,9.197324156471891,9.197324156471891,9.197324156471891,14.105630886487893,14.105630886487893,14.105630886487893,20.495515941437432,Safe ,
15.157592197472677,15.445593418066442,13.32206666549804,15.157592197472677,9.197324156471891,9.197324156471891,9.197324156471891,14.105630886487893,14.105630886487893,14.105630886487893,21.302761156582438,Safe ,
15.157592197472677,15.445593418066442,13.32206666549804,15.157592197472677,9.197324156471891,9.197324156471891,9.197324156471891,14.105630886487893,14.105630886487893,14.105630886487893,23.33046447989174,Safe ,
15.157592197472677,15.445593418066442,13.32206666549804,15.157592197472677,9.197324156471891,9.197324156471891,9.197324156471891,14.105630886487893,14.105630886487893,14.105630886487893,19.285324800784114,Fail ,
15.157592197472677,15.445593418066442,13.32206666549804,15.157592197472677,9.197324156471891,9.197324156471891,9.197324156471891,14.105630886487893,14.105630886487893,14.105630886487893,20.31945162431122,Fail ,
15.157592197472677,15.445593418066442,13.32206666549804,15.157592197472677,9.197324156471891,9.197324156471891,9.197324156471891,14.105630886487893,14.105630886487893,14.105630886487893,22.604716425299788,Safe ,
15.157592197472677,15.445593418066442,13.32206666549804,15.157592197472677,9.197324156471891,9.197324156471891,9.197324156471891,14.105630886487893,14.105630886487893,14.105630886487893,20.317505436747023,Fail ,
15.157592197472677,15.445593418066442,13.32206666549804,15.157592197472677,9.197324156471891,9.197324156471891,9.197324156471891,14.105630886487893,14.105630886487893,14.105630886487893,19.496574201842147,Fail ,
15.157592197472677,15.445593418066442,13.32206666549804,15.157592197472677,9.197324156471891,9.197324156471891,9.197324156471891,14.105630886487893,14.105630886487893,14.105630886487893,23.84314738637894,Safe ,
15.157592197472677,15.445593418066442,13.32206666549804,15.157592197472677,9.197324156471891,9.197324156471891,9.197324156471891,14.105630886487893,14.105630886487893,14.105630886487893,23.468164783709646,Safe ,
15.157592197472677,15.445593418066442,13.32206666549804,15.157592197472677,9.197324156471891,9.197324156471891,9.197324156471891,14.105630886487893,14.105630886487893,14.105630886487893,19.397338130772187,Fail ,
15.157592197472677,15.445593418066442,13.32206666549804,15.157592197472677,9.197324156471891,9.197324156471891,9.197324156471891,14.105630886487893,14.105630886487893,14.105630886487893,19.232602922125114,Fail ,
15.157592197472677,15.445593418066442,13.32206666549804,15.157592197472677,9.197324156471891,9.197324156471891,9.197324156471891,14.105630886487893,14.105630886487893,14.105630886487893,21.962911275931507,Safe ,
15.157592197472677,15.445593418066442,13.32206666549804,15.157592197472677,9.197324156471891,9.197324156471891,9.197324156471891,14.105630886487893,14.105630886487893,14.105630886487893,19.98985788392715,Fail ,
15.157592197472677,15.445593418066442,13.32206666549804,15.157592197472677,9.197324156471891,9.197324156471891,9.197324156471891,14.105630886487893,14.105630886487893,14.105630886487893,18.76344292582282,Fail ,
15.157592197472677,15.445593418066442,13.32206666549804,15.157592197472677,9.197324156471891,9.197324156471891,9.197324156471891,14.105630886487893,14.105630886487893,14.105630886487893,18.823845704757208,Fail ,
15.157592197472677,15.445593418066442,13.32206666549804,15.157592197472677,9.197324156471891,9.197324156471891,9.197324156471891,14.105630886487893,14.105630886487893,14.105630886487893,21.58538929048512,Safe ,
15.157592197472677,15.445593418066442,13.32206666549804,15.157592197472677,9.197324156471891,9.197324156471891,9.197324156471891,14.105630886487893,14.105630886487893,14.105630886487893,19.895925742187686,Fail ,
15.157592197472677,15.445593418066442,13.32206666549804,15.157592197472677,9.197324156471891,9.197324156471891,9.197324156471891,14.105630886487893,14.105630886487893,14.105630886487893,19.989207405129257,Fail ,
15.157592197472677,15.445593418066442,13.32206666549804,15.157592197472677,9.197324156471891,9.197324156471891,9.197324156471891,14.105630886487893,14.105630886487893,14.105630886487893,19.58371796000098,Fail ,
15.157592197472677,15.445593418066442,13.32206666549804,15.157592197472677,9.197324156471891,9.197324156471891,9.197324156471891,14.105630886487893,14.105630886487893,14.105630886487893,18.969899102174946,Fail ,
15.157592197472677,15.445593418066442,13.32206666549804,15.157592197472677,9.197324156471891,9.197324156471891,9.197324156471891,14.105630886487893,14.105630886487893,14.105630886487893,16.146499656126025,Fail ,
15.157592197472677,15.445593418066442,13.32206666549804,15.157592197472677,9.197324156471891,9.197324156471891,9.197324156471891,14.105630886487893,14.105630886487893,14.105630886487893,16.93803584673246,Fail ,
15.157592197472677,15.445593418066442,13.32206666549804,15.157592197472677,9.197324156471891,9.197324156471891,9.197324156471891,14.105630886487893,14.105630886487893,14.105630886487893,19.975832528488077,Fail ,
15.157592197472677,15.445593418066442,13.32206666549804,15.157592197472677,9.197324156471891,9.197324156471891,9.197324156471891,14.105630886487893,14.105630886487893,14.105630886487893,22.952999545638214,Safe ,
15.157592197472677,15.445593418066442,13.32206666549804,15.157592197472677,9.197324156471891,9.197324156471891,9.197324156471891,14.105630886487893,14.105630886487893,14.105630886487893,21.857754481599617,Safe ,
15.157592197472677,15.445593418066442,13.32206666549804,15.157592197472677,9.197324156471891,9.197324156471891,9.197324156471891,14.105630886487893,14.105630886487893,14.105630886487893,20.570281417190664,Safe ,
15.157592197472677,15.445593418066442,13.32206666549804,15.157592197472677,9.197324156471891,9.197324156471891,9.197324156471891,14.105630886487893,14.105630886487893,14.105630886487893,15.416711600011448,Fail ,
15.157592197472677,15.445593418066442,13.32206666549804,15.157592197472677,9.197324156471891,9.197324156471891,9.197324156471891,14.105630886487893,14.105630886487893,14.105630886487893,19.79636392903021,Fail ,
15.157592197472677,15.445593418066442,13.32206666549804,15.157592197472677,9.197324156471891,9.197324156471891,9.197324156471891,14.105630886487893,14.105630886487893,14.105630886487893,20.118572044683276,Fail ,
15.157592197472677,15.445593418066442,13.32206666549804,15.157592197472677,9.197324156471891,9.197324156471891,9.197324156471891,14.105630886487893,14.105630886487893,14.105630886487893,21.892390549512427,Safe ,
15.157592197472677,15.445593418066442,13.32206666549804,15.157592197472677,9.197324156471891,9.197324156471891,9.197324156471891,14.105630886487893,14.105630886487893,14.105630886487893,18.587583466232097,Fail ,
15.157592197472677,15.445593418066442,13.32206666549804,15.157592197472677,9.197324156471891,9.197324156471891,9.197324156471891,14.105630886487893,14.105630886487893,14.105630886487893,18.35464716715411,Fail ,
15.157592197472677,15.445593418066442,13.32206666549804,15.157592197472677,9.197324156471891,9.197324156471891,9.197324156471891,14.105630886487893,14.105630886487893,14.105630886487893,18.203330494805098,Fail ,
15.157592197472677,15.445593418066442,13.32206666549804,15.157592197472677,9.197324156471891,9.197324156471891,9.197324156471891,14.105630886487893,14.105630886487893,14.105630886487893,19.642811553576937,Fail ,
15.157592197472677,15.445593418066442,13.32206666549804,15.157592197472677,9.197324156471891,9.197324156471891,9.197324156471891,14.105630886487893,14.105630886487893,14.105630886487893,22.122026966242778,Safe ,
15.157592197472677,15.445593418066442,13.32206666549804,15.157592197472677,9.197324156471891,9.197324156471891,9.197324156471891,14.105630886487893,14.105630886487893,14.105630886487893,21.135003296605483,Safe ,
15.157592197472677,15.445593418066442,13.32206666549804,15.157592197472677,9.197324156471891,9.197324156471891,9.197324156471891,14.105630886487893,14.105630886487893,14.105630886487893,20.55324707160284,Safe ,
15.157592197472677,15.445593418066442,13.32206666549804,15.157592197472677,9.197324156471891,9.197324156471891,9.197324156471891,14.105630886487893,14.105630886487893,14.105630886487893,20.662911958914613,Safe ,
15.157592197472677,15.445593418066442,13.32206666549804,15.157592197472677,9.197324156471891,9.197324156471891,9.197324156471891,14.105630886487893,14.105630886487893,14.105630886487893,19.865304289804875,Fail ,
15.157592197472677,15.445593418066442,13.32206666549804,15.157592197472677,9.197324156471891,9.197324156471891,9.197324156471891,14.105630886487893,14.105630886487893,14.105630886487893,20.223979179703306,Fail ,
15.157592197472677,15.445593418066442,13.32206666549804,15.157592197472677,9.197324156471891,9.197324156471891,9.197324156471891,14.105630886487893,14.105630886487893,14.105630886487893,22.118069985590594,Safe ,
15.157592197472677,15.445593418066442,13.32206666549804,15.157592197472677,9.197324156471891,9.197324156471891,9.197324156471891,14.105630886487893,14.105630886487893,14.105630886487893,18.949215236455277,Fail ,
15.157592197472677,15.445593418066442,13.32206666549804,15.157592197472677,9.197324156471891,9.197324156471891,9.197324156471891,14.105630886487893,14.105630886487893,14.105630886487893,22.367745278105648,Safe ,
15.157592197472677,15.445593418066442,13.32206666549804,15.157592197472677,9.197324156471891,9.197324156471891,9.197324156471891,14.105630886487893,14.105630886487893,14.105630886487893,18.631550338513186,Fail ,
15.157592197472677,15.445593418066442,13.32206666549804,15.157592197472677,9.197324156471891,9.197324156471891,9.197324156471891,14.105630886487893,14.105630886487893,14.105630886487893,20.276910878349405,Fail ,
15.157592197472677,15.445593418066442,13.32206666549804,15.157592197472677,9.197324156471891,9.197324156471891,9.197324156471891,14.105630886487893,14.105630886487893,14.105630886487893,22.337931058804386,Safe ,
15.157592197472677,15.445593418066442,13.32206666549804,15.157592197472677,9.197324156471891,9.197324156471891,9.197324156471891,14.105630886487893,14.105630886487893,14.105630886487893,16.762010055791457,Fail ,
15.157592197472677,15.445593418066442,13.32206666549804,15.157592197472677,9.197324156471891,9.197324156471891,9.197324156471891,14.105630886487893,14.105630886487893,14.105630886487893,20.75968544558137,Safe ,
15.157592197472677,15.445593418066442,13.32206666549804,15.157592197472677,9.197324156471891,9.197324156471891,9.197324156471891,14.105630886487893,14.105630886487893,14.105630886487893,23.545468778069466,Safe ,
15.157592197472677,15.445593418066442,13.32206666549804,15.157592197472677,9.197324156471891,9.197324156471891,9.197324156471891,14.105630886487893,14.105630886487893,14.105630886487893,23.80847363057699,Safe ,
15.157592197472677,15.445593418066442,13.32206666549804,15.157592197472677,9.197324156471891,9.197324156471891,9.197324156471891,14.105630886487893,14.105630886487893,14.105630886487893,20.444143184004137,Safe ,
15.157592197472677,15.445593418066442,13.32206666549804,15.157592197472677,9.197324156471891,9.197324156471891,9.197324156471891,14.105630886487893,14.105630886487893,14.105630886487893,22.793763449348546,Safe ,
15.157592197472677,15.445593418066442,13.32206666549804,15.157592197472677,9.197324156471891,9.197324156471891,9.197324156471891,14.105630886487893,14.105630886487893,14.105630886487893,19.24425007828661,Fail ,
15.157592197472677,15.445593418066442,13.32206666549804,15.157592197472677,9.197324156471891,9.197324156471891,9.197324156471891,14.105630886487893,14.105630886487893,14.105630886487893,18.681833023624442,Fail ,
15.157592197472677,15.445593418066442,13.32206666549804,15.157592197472677,9.197324156471891,9.197324156471891,9.197324156471891,14.105630886487893,14.105630886487893,14.105630886487893,17.489582416815683,Fail ,
15.157592197472677,15.445593418066442,13.32206666549804,15.157592197472677,9.197324156471891,9.197324156471891,9.197324156471891,14.105630886487893,14.105630886487893,14.105630886487893,18.03123610406463,Fail ,
15.157592197472677,15.445593418066442,13.32206666549804,15.157592197472677,9.197324156471891,9.197324156471891,9.197324156471891,14.105630886487893,14.105630886487893,14.105630886487893,21.75677067095196,Safe ,
15.157592197472677,15.445593418066442,13.32206666549804,15.157592197472677,9.197324156471891,9.197324156471891,9.197324156471891,14.105630886487893,14.105630886487893,14.105630886487893,20.57522899966796,Safe ,
15.157592197472677,15.445593418066442,13.32206666549804,15.157592197472677,9.197324156471891,9.197324156471891,9.197324156471891,14.105630886487893,14.105630886487893,14.105630886487893,20.31936213966598,Fail ,
15.157592197472677,15.445593418066442,13.32206666549804,15.157592197472677,9.197324156471891,9.197324156471891,9.197324156471891,14.105630886487893,14.105630886487893,14.105630886487893,20.60443943831043,Safe ,
15.157592197472677,15.445593418066442,13.32206666549804,15.157592197472677,9.197324156471891,9.197324156471891,9.197324156471891,14.105630886487893,14.105630886487893,14.105630886487893,21.18945361587951,Safe ,
15.157592197472677,15.445593418066442,13.32206666549804,15.157592197472677,9.197324156471891,9.197324156471891,9.197324156471891,14.105630886487893,14.105630886487893,14.105630886487893,19.655053986648113,Fail ,
15.157592197472677,15.445593418066442,13.32206666549804,15.157592197472677,9.197324156471891,9.197324156471891,9.197324156471891,14.105630886487893,14.105630886487893,14.105630886487893,18.494183088193367,Fail ,
15.157592197472677,15.445593418066442,13.32206666549804,15.157592197472677,9.197324156471891,9.197324156471891,9.197324156471891,14.105630886487893,14.105630886487893,14.105630886487893,20.3465976058734,Fail ,
15.157592197472677,15.445593418066442,13.32206666549804,15.157592197472677,9.197324156471891,9.197324156471891,9.197324156471891,14.105630886487893,14.105630886487893,14.105630886487893,21.59511805572662,Safe ,
15.157592197472677,15.445593418066442,13.32206666549804,15.157592197472677,9.197324156471891,9.197324156471891,9.197324156471891,14.105630886487893,14.105630886487893,14.105630886487893,20.63479217157768,Safe ,
15.157592197472677,15.445593418066442,13.32206666549804,15.157592197472677,9.197324156471891,9.197324156471891,9.197324156471891,14.105630886487893,14.105630886487893,14.105630886487893,22.559204266564986,Safe ,
15.157592197472677,15.445593418066442,13.32206666549804,15.157592197472677,9.197324156471891,9.197324156471891,9.197324156471891,14.105630886487893,14.105630886487893,14.105630886487893,21.287531788835913,Safe ,
15.157592197472677,15.445593418066442,13.32206666549804,15.157592197472677,9.197324156471891,9.197324156471891,9.197324156471891,14.105630886487893,14.105630886487893,14.105630886487893,17.519847672102355,Fail ,
15.157592197472677,15.445593418066442,13.32206666549804,15.157592197472677,9.197324156471891,9.197324156471891,9.197324156471891,14.105630886487893,14.105630886487893,14.105630886487893,20.0739695024021,Fail ,
15.157592197472677,15.445593418066442,13.32206666549804,15.157592197472677,9.197324156471891,9.197324156471891,9.197324156471891,14.105630886487893,14.105630886487893,14.105630886487893,19.43020453553069,Fail ,
15.157592197472677,15.445593418066442,13.32206666549804,15.157592197472677,9.197324156471891,9.197324156471891,9.197324156471891,14.105630886487893,14.105630886487893,14.105630886487893,21.422129027071684,Safe ,
15.157592197472677,15.445593418066442,13.32206666549804,15.157592197472677,9.197324156471891,9.197324156471891,9.197324156471891,14.105630886487893,14.105630886487893,14.105630886487893,18.980723699424097,Fail ,
15.157592197472677,15.445593418066442,13.32206666549804,15.157592197472677,9.197324156471891,9.197324156471891,9.197324156471891,14.105630886487893,14.105630886487893,14.105630886487893,22.660459332202898,Safe ,
15.157592197472677,15.445593418066442,13.32206666549804,15.157592197472677,9.197324156471891,9.197324156471891,9.197324156471891,14.105630886487893,14.105630886487893,14.105630886487893,20.49808648800332,Safe ,
15.157592197472677,15.445593418066442,13.32206666549804,15.157592197472677,9.197324156471891,9.197324156471891,9.197324156471891,14.105630886487893,14.105630886487893,14.105630886487893,20.35086331401659,Fail ,
15.157592197472677,15.445593418066442,13.32206666549804,15.157592197472677,9.197324156471891,9.197324156471891,9.197324156471891,14.105630886487893,14.105630886487893,14.105630886487893,21.56874537721268,Safe ,
15.157592197472677,15.445593418066442,13.32206666549804,15.157592197472677,9.197324156471891,9.197324156471891,9.197324156471891,14.105630886487893,14.105630886487893,14.105630886487893,21.1375423743882,Safe ,
15.157592197472677,15.445593418066442,13.32206666549804,15.157592197472677,9.197324156471891,9.197324156471891,9.197324156471891,14.105630886487893,14.105630886487893,14.105630886487893,18.35374874409183,Fail ,
15.157592197472677,15.445593418066442,13.32206666549804,15.157592197472677,9.197324156471891,9.197324156471891,9.197324156471891,14.105630886487893,14.105630886487893,14.105630886487893,20.714652888462147,Safe ,
15.157592197472677,15.445593418066442,13.32206666549804,15.157592197472677,9.197324156471891,9.197324156471891,9.197324156471891,14.105630886487893,14.105630886487893,14.105630886487893,19.721738283757777,Fail ,
15.157592197472677,15.445593418066442,13.32206666549804,15.157592197472677,9.197324156471891,9.197324156471891,9.197324156471891,14.105630886487893,14.105630886487893,14.105630886487893,18.310746822161928,Fail ,
15.157592197472677,15.445593418066442,13.32206666549804,15.157592197472677,9.197324156471891,9.197324156471891,9.197324156471891,14.105630886487893,14.105630886487893,14.105630886487893,20.350441107409605,Fail ,
15.157592197472677,15.445593418066442,13.32206666549804,15.157592197472677,9.197324156471891,9.197324156471891,9.197324156471891,14.105630886487893,14.105630886487893,14.105630886487893,20.99049809088304,Safe ,
15.157592197472677,15.445593418066442,13.32206666549804,15.157592197472677,9.197324156471891,9.197324156471891,9.197324156471891,14.105630886487893,14.105630886487893,14.105630886487893,18.467451859815576,Fail ,
15.157592197472677,15.445593418066442,13.32206666549804,15.157592197472677,9.197324156471891,9.197324156471891,9.197324156471891,14.105630886487893,14.105630886487893,14.105630886487893,18.267419143617786,Fail ,
15.157592197472677,15.445593418066442,13.32206666549804,15.157592197472677,9.197324156471891,9.197324156471891,9.197324156471891,14.105630886487893,14.105630886487893,14.105630886487893,19.181112116254923,Fail ,
15.157592197472677,15.445593418066442,13.32206666549804,15.157592197472677,9.197324156471891,9.197324156471891,9.197324156471891,14.105630886487893,14.105630886487893,14.105630886487893,20.558438882165955,Safe ,
15.157592197472677,15.445593418066442,13.32206666549804,15.157592197472677,9.197324156471891,9.197324156471891,9.197324156471891,14.105630886487893,14.105630886487893,14.105630886487893,22.373711540485616,Safe ,
15.157592197472677,15.445593418066442,13.32206666549804,15.157592197472677,9.197324156471891,9.197324156471891,9.197324156471891,14.105630886487893,14.105630886487893,14.105630886487893,22.033055598759745,Safe ,
15.157592197472677,15.445593418066442,13.32206666549804,15.157592197472677,9.197324156471891,9.197324156471891,9.197324156471891,14.105630886487893,14.105630886487893,14.105630886487893,22.01054054031281,Safe ,
15.157592197472677,15.445593418066442,13.32206666549804,15.157592197472677,9.197324156471891,9.197324156471891,9.197324156471891,14.105630886487893,14.105630886487893,14.105630886487893,19.98065517122199,Fail ,
15.157592197472677,15.445593418066442,13.32206666549804,15.157592197472677,9.197324156471891,9.197324156471891,9.197324156471891,14.105630886487893,14.105630886487893,14.105630886487893,21.872512727267175,Safe ,
15.157592197472677,15.445593418066442,13.32206666549804,15.157592197472677,9.197324156471891,9.197324156471891,9.197324156471891,14.105630886487893,14.105630886487893,14.105630886487893,22.18034357439428,Safe ,
15.157592197472677,15.445593418066442,13.32206666549804,15.157592197472677,9.197324156471891,9.197324156471891,9.197324156471891,14.105630886487893,14.105630886487893,14.105630886487893,19.281855533912104,Fail ,
15.157592197472677,15.445593418066442,13.32206666549804,15.157592197472677,9.197324156471891,9.197324156471891,9.197324156471891,14.105630886487893,14.105630886487893,14.105630886487893,18.745223718554534,Fail ,
15.157592197472677,15.445593418066442,13.32206666549804,15.157592197472677,9.197324156471891,9.197324156471891,9.197324156471891,14.105630886487893,14.105630886487893,14.105630886487893,23.04511640434503,Safe ,
15.157592197472677,15.445593418066442,13.32206666549804,15.157592197472677,9.197324156471891,9.197324156471891,9.197324156471891,14.105630886487893,14.105630886487893,14.105630886487893,17.580642603503822,Fail ,
15.157592197472677,15.445593418066442,13.32206666549804,15.157592197472677,9.197324156471891,9.197324156471891,9.197324156471891,14.105630886487893,14.105630886487893,14.105630886487893,19.16679323203603,Fail ,
15.157592197472677,15.445593418066442,13.32206666549804,15.157592197472677,9.197324156471891,9.197324156471891,9.197324156471891,14.105630886487893,14.105630886487893,14.105630886487893,19.913133973611505,Fail ,
15.157592197472677,15.445593418066442,13.32206666549804,15.157592197472677,9.197324156471891,9.197324156471891,9.197324156471891,14.105630886487893,14.105630886487893,14.105630886487893,19.8560671444306,Fail ,
15.157592197472677,15.445593418066442,13.32206666549804,15.157592197472677,9.197324156471891,9.197324156471891,9.197324156471891,14.105630886487893,14.105630886487893,14.105630886487893,23.869581277701347,Safe ,
15.157592197472677,15.445593418066442,13.32206666549804,15.157592197472677,9.197324156471891,9.197324156471891,9.197324156471891,14.105630886487893,14.105630886487893,14.105630886487893,17.651772546889948,Fail ,
15.157592197472677,15.445593418066442,13.32206666549804,15.157592197472677,9.197324156471891,9.197324156471891,9.197324156471891,14.105630886487893,14.105630886487893,14.105630886487893,19.852039259037667,Fail ,
15.157592197472677,15.445593418066442,13.32206666549804,15.157592197472677,9.197324156471891,9.197324156471891,9.197324156471891,14.105630886487893,14.105630886487893,14.105630886487893,18.55176037166163,Fail ,
15.157592197472677,15.445593418066442,13.32206666549804,15.157592197472677,9.197324156471891,9.197324156471891,9.197324156471891,14.105630886487893,14.105630886487893,14.105630886487893,22.426036416817364,Safe ,
15.157592197472677,15.445593418066442,13.32206666549804,15.157592197472677,9.197324156471891,9.197324156471891,9.197324156471891,14.105630886487893,14.105630886487893,14.105630886487893,20.45957817160614,Safe ,
15.157592197472677,15.445593418066442,13.32206666549804,15.157592197472677,9.197324156471891,9.197324156471891,9.197324156471891,14.105630886487893,14.105630886487893,14.105630886487893,18.457862543360392,Fail ,
15.157592197472677,15.445593418066442,13.32206666549804,15.157592197472677,9.197324156471891,9.197324156471891,9.197324156471891,14.105630886487893,14.105630886487893,14.105630886487893,21.6649017012362,Safe ,
15.157592197472677,15.445593418066442,13.32206666549804,15.157592197472677,9.197324156471891,9.197324156471891,9.197324156471891,14.105630886487893,14.105630886487893,14.105630886487893,20.722461848451903,Safe ,
15.157592197472677,15.445593418066442,13.32206666549804,15.157592197472677,9.197324156471891,9.197324156471891,9.197324156471891,14.105630886487893,14.105630886487893,14.105630886487893,24.144152720770656,Safe ,
15.157592197472677,15.445593418066442,13.32206666549804,15.157592197472677,9.197324156471891,9.197324156471891,9.197324156471891,14.105630886487893,14.105630886487893,14.105630886487893,22.33161374538547,Safe ,
15.157592197472677,15.445593418066442,13.32206666549804,15.157592197472677,9.197324156471891,9.197324156471891,9.197324156471891,14.105630886487893,14.105630886487893,14.105630886487893,19.9455206565497,Fail ,
15.157592197472677,15.445593418066442,13.32206666549804,15.157592197472677,9.197324156471891,9.197324156471891,9.197324156471891,14.105630886487893,14.105630886487893,14.105630886487893,18.93841125392183,Fail ,
15.157592197472677,15.445593418066442,13.32206666549804,15.157592197472677,9.197324156471891,9.197324156471891,9.197324156471891,14.105630886487893,14.105630886487893,14.105630886487893,21.010600463720245,Safe ,
15.157592197472677,15.445593418066442,13.32206666549804,15.157592197472677,9.197324156471891,9.197324156471891,9.197324156471891,14.105630886487893,14.105630886487893,14.105630886487893,22.64391597588072,Safe ,
15.157592197472677,15.445593418066442,13.32206666549804,15.157592197472677,9.197324156471891,9.197324156471891,9.197324156471891,14.105630886487893,14.105630886487893,14.105630886487893,21.140537909264847,Safe ,
