W14X22, L = 360.0 in, slope = 0.020833333333333332 in/in, dead load = 6.944444444444444e-05 kip/in^2
zwlim AISC Appendix 2,zwlim DAMP,zwlim Proposed for ASCE 7,zwlim Neglect Ponding,dhnom Denver,dhnom New York,dhnom New Orleans,dh Denver,dh New York,dh New Orleans,dmax
15.157592197472677,15.445593418066442,13.32206666549804,15.157592197472677,1.0474222733844902,1.0474222733844902,1.0474222733844902,3.1705246596171084,3.1705246596171084,3.1705246596171084,21.929200461284392,Safe ,
15.157592197472677,15.445593418066442,13.32206666549804,15.157592197472677,1.0474222733844902,1.0474222733844902,1.0474222733844902,3.1705246596171084,3.1705246596171084,3.1705246596171084,19.121267973226324,Safe ,
15.157592197472677,15.445593418066442,13.32206666549804,15.157592197472677,1.0474222733844902,1.0474222733844902,1.0474222733844902,3.1705246596171084,3.1705246596171084,3.1705246596171084,18.387924056004834,Safe ,
15.157592197472677,15.445593418066442,13.32206666549804,15.157592197472677,1.0474222733844902,1.0474222733844902,1.0474222733844902,3.1705246596171084,3.1705246596171084,3.1705246596171084,21.640710721098966,Safe ,
15.157592197472677,15.445593418066442,13.32206666549804,15.157592197472677,1.0474222733844902,1.0474222733844902,1.0474222733844902,3.1705246596171084,3.1705246596171084,3.1705246596171084,18.130007321027612,Safe ,
15.157592197472677,15.445593418066442,13.32206666549804,15.157592197472677,1.0474222733844902,1.0474222733844902,1.0474222733844902,3.1705246596171084,3.1705246596171084,3.1705246596171084,26.823780681554982,Safe ,
15.157592197472677,15.445593418066442,13.32206666549804,15.157592197472677,1.0474222733844902,1.0474222733844902,1.0474222733844902,3.1705246596171084,3.1705246596171084,3.1705246596171084,20.219472851310428,Safe ,
15.157592197472677,15.445593418066442,13.32206666549804,15.157592197472677,1.0474222733844902,1.0474222733844902,1.0474222733844902,3.1705246596171084,3.1705246596171084,3.1705246596171084,18.315570255216425,Safe ,
15.157592197472677,15.445593418066442,13.32206666549804,15.157592197472677,1.0474222733844902,1.0474222733844902,1.0474222733844902,3.1705246596171084,3.1705246596171084,3.1705246596171084,21.142448038637376,Safe ,
15.157592197472677,15.445593418066442,13.32206666549804,15.157592197472677,1.0474222733844902,1.0474222733844902,1.0474222733844902,3.1705246596171084,3.1705246596171084,3.1705246596171084,19.852996116583135,Safe ,
15.157592197472677,15.445593418066442,13.32206666549804,15.157592197472677,1.0474222733844902,1.0474222733844902,1.0474222733844902,3.1705246596171084,3.1705246596171084,3.1705246596171084,17.477854882893702,Fail ,
15.157592197472677,15.445593418066442,13.32206666549804,15.157592197472677,1.0474222733844902,1.0474222733844902,1.0474222733844902,3.1705246596171084,3.1705246596171084,3.1705246596171084,16.86315097054836,Fail ,
15.157592197472677,15.445593418066442,13.32206666549804,15.157592197472677,1.0474222733844902,1.0474222733844902,1.0474222733844902,3.1705246596171084,3.1705246596171084,3.1705246596171084,21.335553747266488,Safe ,
15.157592197472677,15.445593418066442,13.32206666549804,15.157592197472677,1.0474222733844902,1.0474222733844902,1.0474222733844902,3.1705246596171084,3.1705246596171084,3.1705246596171084,18.723442420629645,Safe ,
15.157592197472677,15.445593418066442,13.32206666549804,15.157592197472677,1.0474222733844902,1.0474222733844902,1.0474222733844902,3.1705246596171084,3.1705246596171084,3.1705246596171084,21.738582671002206,Safe ,
15.157592197472677,15.445593418066442,13.32206666549804,15.157592197472677,1.0474222733844902,1.0474222733844902,1.0474222733844902,3.1705246596171084,3.1705246596171084,3.1705246596171084,19.724984347110784,Safe ,
15.157592197472677,15.445593418066442,13.32206666549804,15.157592197472677,1.0474222733844902,1.0474222733844902,1.0474222733844902,3.1705246596171084,3.1705246596171084,3.1705246596171084,20.391678038929513,Safe ,
15.157592197472677,15.445593418066442,13.32206666549804,15.157592197472677,1.0474222733844902,1.0474222733844902,1.0474222733844902,3.1705246596171084,3.1705246596171084,3.1705246596171084,22.334610778893108,Safe ,
15.157592197472677,15.445593418066442,13.32206666549804,15.157592197472677,1.0474222733844902,1.0474222733844902,1.0474222733844902,3.1705246596171084,3.1705246596171084,3.1705246596171084,18.23686549053809,Safe ,
15.157592197472677,15.445593418066442,13.32206666549804,15.157592197472677,1.0474222733844902,1.0474222733844902,1.0474222733844902,3.1705246596171084,3.1705246596171084,3.1705246596171084,19.180679068693717,Safe ,
15.157592197472677,15.445593418066442,13.32206666549804,15.157592197472677,1.0474222733844902,1.0474222733844902,1.0474222733844902,3.1705246596171084,3.1705246596171084,3.1705246596171084,18.15907033268902,Safe ,
15.157592197472677,15.445593418066442,13.32206666549804,15.157592197472677,1.0474222733844902,1.0474222733844902,1.0474222733844902,3.1705246596171084,3.1705246596171084,3.1705246596171084,21.569571560461107,Safe ,
15.157592197472677,15.445593418066442,13.32206666549804,15.157592197472677,1.0474222733844902,1.0474222733844902,1.0474222733844902,3.1705246596171084,3.1705246596171084,3.1705246596171084,22.456861183547545,Safe ,
15.157592197472677,15.445593418066442,13.32206666549804,15.157592197472677,1.0474222733844902,1.0474222733844902,1.0474222733844902,3.1705246596171084,3.1705246596171084,3.1705246596171084,19.958962928063436,Safe ,
15.157592197472677,15.445593418066442,13.32206666549804,15.157592197472677,1.0474222733844902,1.0474222733844902,1.0474222733844902,3.1705246596171084,3.1705246596171084,3.1705246596171084,19.073171248649693,Safe ,
15.157592197472677,15.445593418066442,13.32206666549804,15.157592197472677,1.0474222733844902,1.0474222733844902,1.0474222733844902,3.1705246596171084,3.1705246596171084,3.1705246596171084,16.790685058210816,Fail ,
15.157592197472677,15.445593418066442,13.32206666549804,15.157592197472677,1.0474222733844902,1.0474222733844902,1.0474222733844902,3.1705246596171084,3.1705246596171084,3.1705246596171084,21.04179499902047,Safe ,
15.157592197472677,15.445593418066442,13.32206666549804,15.157592197472677,1.0474222733844902,1.0474222733844902,1.0474222733844902,3.1705246596171084,3.1705246596171084,3.1705246596171084,20.735115631178072,Safe ,
15.157592197472677,15.445593418066442,13.32206666549804,15.157592197472677,1.0474222733844902,1.0474222733844902,1.0474222733844902,3.1705246596171084,3.1705246596171084,3.1705246596171084,18.330660986356083,Safe ,
15.157592197472677,15.445593418066442,13.32206666549804,15.157592197472677,1.0474222733844902,1.0474222733844902,1.0474222733844902,3.1705246596171084,3.1705246596171084,3.1705246596171084,23.185230468243425,Safe ,
15.157592197472677,15.445593418066442,13.32206666549804,15.157592197472677,1.0474222733844902,1.0474222733844902,1.0474222733844902,3.1705246596171084,3.1705246596171084,3.1705246596171084,20.335961892801613,Safe ,
15.157592197472677,15.445593418066442,13.32206666549804,15.157592197472677,1.0474222733844902,1.0474222733844902,1.0474222733844902,3.1705246596171084,3.1705246596171084,3.1705246596171084,21.0755667059664,Safe ,
15.157592197472677,15.445593418066442,13.32206666549804,15.157592197472677,1.0474222733844902,1.0474222733844902,1.0474222733844902,3.1705246596171084,3.1705246596171084,3.1705246596171084,18.89255307526416,Safe ,
15.157592197472677,15.445593418066442,13.32206666549804,15.157592197472677,1.0474222733844902,1.0474222733844902,1.0474222733844902,3.1705246596171084,3.1705246596171084,3.1705246596171084,22.50177673380201,Safe ,
15.157592197472677,15.445593418066442,13.32206666549804,15.157592197472677,1.0474222733844902,1.0474222733844902,1.0474222733844902,3.1705246596171084,3.1705246596171084,3.1705246596171084,21.387658183140292,Safe ,
15.157592197472677,15.445593418066442,13.32206666549804,15.157592197472677,1.0474222733844902,1.0474222733844902,1.0474222733844902,3.1705246596171084,3.1705246596171084,3.1705246596171084,18.261021788185296,Safe ,
15.157592197472677,15.445593418066442,13.32206666549804,15.157592197472677,1.0474222733844902,1.0474222733844902,1.0474222733844902,3.1705246596171084,3.1705246596171084,3.1705246596171084,20.69858293187002,Safe ,
15.157592197472677,15.445593418066442,13.32206666549804,15.157592197472677,1.0474222733844902,1.0474222733844902,1.0474222733844902,3.1705246596171084,3.1705246596171084,3.1705246596171084,21.047846462831146,Safe ,
15.157592197472677,15.445593418066442,13.32206666549804,15.157592197472677,1.0474222733844902,1.0474222733844902,1.0474222733844902,3.1705246596171084,3.1705246596171084,3.1705246596171084,21.932998563657335,Safe ,
15.157592197472677,15.445593418066442,13.32206666549804,15.157592197472677,1.0474222733844902,1.0474222733844902,1.0474222733844902,3.1705246596171084,3.1705246596171084,3.1705246596171084,17.674801213487946,Safe ,
15.157592197472677,15.445593418066442,13.32206666549804,15.157592197472677,1.0474222733844902,1.0474222733844902,1.0474222733844902,3.1705246596171084,3.1705246596171084,3.1705246596171084,22.411014657197192,Safe ,
15.157592197472677,15.445593418066442,13.32206666549804,15.157592197472677,1.0474222733844902,1.0474222733844902,1.0474222733844902,3.1705246596171084,3.1705246596171084,3.1705246596171084,18.91093377957026,Safe ,
15.157592197472677,15.445593418066442,13.32206666549804,15.157592197472677,1.0474222733844902,1.0474222733844902,1.0474222733844902,3.1705246596171084,3.1705246596171084,3.1705246596171084,19.86248461823475,Safe ,
15.157592197472677,15.445593418066442,13.32206666549804,15.157592197472677,1.0474222733844902,1.0474222733844902,1.0474222733844902,3.1705246596171084,3.1705246596171084,3.1705246596171084,19.37218007317198,Safe ,
15.157592197472677,15.445593418066442,13.32206666549804,15.157592197472677,1.0474222733844902,1.0474222733844902,1.0474222733844902,3.1705246596171084,3.1705246596171084,3.1705246596171084,22.144068858912604,Safe ,
15.157592197472677,15.445593418066442,13.32206666549804,15.157592197472677,1.0474222733844902,1.0474222733844902,1.0474222733844902,3.1705246596171084,3.1705246596171084,3.1705246596171084,17.258332472903398,Fail ,
15.157592197472677,15.445593418066442,13.32206666549804,15.157592197472677,1.0474222733844902,1.0474222733844902,1.0474222733844902,3.1705246596171084,3.1705246596171084,3.1705246596171084,20.20067091524618,Safe ,
15.157592197472677,15.445593418066442,13.32206666549804,15.157592197472677,1.0474222733844902,1.0474222733844902,1.0474222733844902,3.1705246596171084,3.1705246596171084,3.1705246596171084,18.888163330971608,Safe ,
15.157592197472677,15.445593418066442,13.32206666549804,15.157592197472677,1.0474222733844902,1.0474222733844902,1.0474222733844902,3.1705246596171084,3.1705246596171084,3.1705246596171084,20.255809196693388,Safe ,
15.157592197472677,15.445593418066442,13.32206666549804,15.157592197472677,1.0474222733844902,1.0474222733844902,1.0474222733844902,3.1705246596171084,3.1705246596171084,3.1705246596171084,18.442292694312144,Safe ,
15.157592197472677,15.445593418066442,13.32206666549804,15.157592197472677,1.0474222733844902,1.0474222733844902,1.0474222733844902,3.1705246596171084,3.1705246596171084,3.1705246596171084,21.605022943262064,Safe ,
15.157592197472677,15.445593418066442,13.32206666549804,15.157592197472677,1.0474222733844902,1.0474222733844902,1.0474222733844902,3.1705246596171084,3.1705246596171084,3.1705246596171084,16.171149617033695,Fail ,
15.157592197472677,15.445593418066442,13.32206666549804,15.157592197472677,1.0474222733844902,1.0474222733844902,1.0474222733844902,3.1705246596171084,3.1705246596171084,3.1705246596171084,20.32055194205246,Safe ,
15.157592197472677,15.445593418066442,13.32206666549804,15.157592197472677,1.0474222733844902,1.0474222733844902,1.0474222733844902,3.1705246596171084,3.1705246596171084,3.1705246596171084,18.87927187091946,Safe ,
15.157592197472677,15.445593418066442,13.32206666549804,15.157592197472677,1.0474222733844902,1.0474222733844902,1.0474222733844902,3.1705246596171084,3.1705246596171084,3.1705246596171084,23.058231081960432,Safe ,
15.157592197472677,15.445593418066442,13.32206666549804,15.157592197472677,1.0474222733844902,1.0474222733844902,1.0474222733844902,3.1705246596171084,3.1705246596171084,3.1705246596171084,18.77499225455494,Safe ,
15.157592197472677,15.445593418066442,13.32206666549804,15.157592197472677,1.0474222733844902,1.0474222733844902,1.0474222733844902,3.1705246596171084,3.1705246596171084,3.1705246596171084,19.861178590616117,Safe ,
15.157592197472677,15.445593418066442,13.32206666549804,15.157592197472677,1.0474222733844902,1.0474222733844902,1.0474222733844902,3.1705246596171084,3.1705246596171084,3.1705246596171084,18.729023995949024,Safe ,
15.157592197472677,15.445593418066442,13.32206666549804,15.157592197472677,1.0474222733844902,1.0474222733844902,1.0474222733844902,3.1705246596171084,3.1705246596171084,3.1705246596171084,16.94641458858486,Fail ,
15.157592197472677,15.445593418066442,13.32206666549804,15.157592197472677,1.0474222733844902,1.0474222733844902,1.0474222733844902,3.1705246596171084,3.1705246596171084,3.1705246596171084,20.54117432042519,Safe ,
15.157592197472677,15.445593418066442,13.32206666549804,15.157592197472677,1.0474222733844902,1.0474222733844902,1.0474222733844902,3.1705246596171084,3.1705246596171084,3.1705246596171084,19.01326339844198,Safe ,
15.157592197472677,15.445593418066442,13.32206666549804,15.157592197472677,1.0474222733844902,1.0474222733844902,1.0474222733844902,3.1705246596171084,3.1705246596171084,3.1705246596171084,23.78563547563403,Safe ,
15.157592197472677,15.445593418066442,13.32206666549804,15.157592197472677,1.0474222733844902,1.0474222733844902,1.0474222733844902,3.1705246596171084,3.1705246596171084,3.1705246596171084,19.78542295154376,Safe ,
15.157592197472677,15.445593418066442,13.32206666549804,15.157592197472677,1.0474222733844902,1.0474222733844902,1.0474222733844902,3.1705246596171084,3.1705246596171084,3.1705246596171084,17.957226509563124,Safe ,
15.157592197472677,15.445593418066442,13.32206666549804,15.157592197472677,1.0474222733844902,1.0474222733844902,1.0474222733844902,3.1705246596171084,3.1705246596171084,3.1705246596171084,21.115177729170355,Safe ,
15.157592197472677,15.445593418066442,13.32206666549804,15.157592197472677,1.0474222733844902,1.0474222733844902,1.0474222733844902,3.1705246596171084,3.1705246596171084,3.1705246596171084,17.45028656779466,Fail ,
15.157592197472677,15.445593418066442,13.32206666549804,15.157592197472677,1.0474222733844902,1.0474222733844902,1.0474222733844902,3.1705246596171084,3.1705246596171084,3.1705246596171084,20.305070715637306,Safe ,
15.157592197472677,15.445593418066442,13.32206666549804,15.157592197472677,1.0474222733844902,1.0474222733844902,1.0474222733844902,3.1705246596171084,3.1705246596171084,3.1705246596171084,19.259280277586004,Safe ,
15.157592197472677,15.445593418066442,13.32206666549804,15.157592197472677,1.0474222733844902,1.0474222733844902,1.0474222733844902,3.1705246596171084,3.1705246596171084,3.1705246596171084,21.417695436463706,Safe ,
15.157592197472677,15.445593418066442,13.32206666549804,15.157592197472677,1.0474222733844902,1.0474222733844902,1.0474222733844902,3.1705246596171084,3.1705246596171084,3.1705246596171084,24.52238409194541,Safe ,
15.157592197472677,15.445593418066442,13.32206666549804,15.157592197472677,1.0474222733844902,1.0474222733844902,1.0474222733844902,3.1705246596171084,3.1705246596171084,3.1705246596171084,20.407643920225585,Safe ,
15.157592197472677,15.445593418066442,13.32206666549804,15.157592197472677,1.0474222733844902,1.0474222733844902,1.0474222733844902,3.1705246596171084,3.1705246596171084,3.1705246596171084,19.108820270003715,Safe ,
15.157592197472677,15.445593418066442,13.32206666549804,15.157592197472677,1.0474222733844902,1.0474222733844902,1.0474222733844902,3.1705246596171084,3.1705246596171084,3.1705246596171084,20.738346620915586,Safe ,
15.157592197472677,15.445593418066442,13.32206666549804,15.157592197472677,1.0474222733844902,1.0474222733844902,1.0474222733844902,3.1705246596171084,3.1705246596171084,3.1705246596171084,19.887830017133357,Safe ,
15.157592197472677,15.445593418066442,13.32206666549804,15.157592197472677,1.0474222733844902,1.0474222733844902,1.0474222733844902,3.1705246596171084,3.1705246596171084,3.1705246596171084,19.00757962154343,Safe ,
15.157592197472677,15.445593418066442,13.32206666549804,15.157592197472677,1.0474222733844902,1.0474222733844902,1.0474222733844902,3.1705246596171084,3.1705246596171084,3.1705246596171084,25.355415551021494,Safe ,
15.157592197472677,15.445593418066442,13.32206666549804,15.157592197472677,1.0474222733844902,1.0474222733844902,1.0474222733844902,3.1705246596171084,3.1705246596171084,3.1705246596171084,23.106088565372104,Safe ,
15.157592197472677,15.445593418066442,13.32206666549804,15.157592197472677,1.0474222733844902,1.0474222733844902,1.0474222733844902,3.1705246596171084,3.1705246596171084,3.1705246596171084,21.279716738816717,Safe ,
15.157592197472677,15.445593418066442,13.32206666549804,15.157592197472677,1.0474222733844902,1.0474222733844902,1.0474222733844902,3.1705246596171084,3.1705246596171084,3.1705246596171084,19.61222915649286,Safe ,
15.157592197472677,15.445593418066442,13.32206666549804,15.157592197472677,1.0474222733844902,1.0474222733844902,1.0474222733844902,3.1705246596171084,3.1705246596171084,3.1705246596171084,20.121179501420016,Safe ,
15.157592197472677,15.445593418066442,13.32206666549804,15.157592197472677,1.0474222733844902,1.0474222733844902,1.0474222733844902,3.1705246596171084,3.1705246596171084,3.1705246596171084,20.629733611675512,Safe ,
15.157592197472677,15.445593418066442,13.32206666549804,15.157592197472677,1.0474222733844902,1.0474222733844902,1.0474222733844902,3.1705246596171084,3.1705246596171084,3.1705246596171084,23.23705287147737,Safe ,
15.157592197472677,15.445593418066442,13.32206666549804,15.157592197472677,1.0474222733844902,1.0474222733844902,1.0474222733844902,3.1705246596171084,3.1705246596171084,3.1705246596171084,19.130662409762564,Safe ,
15.157592197472677,15.445593418066442,13.32206666549804,15.157592197472677,1.0474222733844902,1.0474222733844902,1.0474222733844902,3.1705246596171084,3.1705246596171084,3.1705246596171084,20.371744748693843,Safe ,
15.157592197472677,15.445593418066442,13.32206666549804,15.157592197472677,1.0474222733844902,1.0474222733844902,1.0474222733844902,3.1705246596171084,3.1705246596171084,3.1705246596171084,21.183045909939167,Safe ,
15.157592197472677,15.445593418066442,13.32206666549804,15.157592197472677,1.0474222733844902,1.0474222733844902,1.0474222733844902,3.1705246596171084,3.1705246596171084,3.1705246596171084,23.22292789631348,Safe ,
15.157592197472677,15.445593418066442,13.32206666549804,15.157592197472677,1.0474222733844902,1.0474222733844902,1.0474222733844902,3.1705246596171084,3.1705246596171084,3.1705246596171084,19.15074984163552,Safe ,
15.157592197472677,15.445593418066442,13.32206666549804,15.157592197472677,1.0474222733844902,1.0474222733844902,1.0474222733844902,3.1705246596171084,3.1705246596171084,3.1705246596171084,20.191145878772964,Safe ,
15.157592197472677,15.445593418066442,13.32206666549804,15.157592197472677,1.0474222733844902,1.0474222733844902,1.0474222733844902,3.1705246596171084,3.1705246596171084,3.1705246596171084,22.493275615588725,Safe ,
15.157592197472677,15.445593418066442,13.32206666549804,15.157592197472677,1.0474222733844902,1.0474222733844902,1.0474222733844902,3.1705246596171084,3.1705246596171084,3.1705246596171084,20.1924826501761,Safe ,
15.157592197472677,15.445593418066442,13.32206666549804,15.157592197472677,1.0474222733844902,1.0474222733844902,1.0474222733844902,3.1705246596171084,3.1705246596171084,3.1705246596171084,19.367028340323962,Safe ,
15.157592197472677,15.445593418066442,13.32206666549804,15.157592197472677,1.0474222733844902,1.0474222733844902,1.0474222733844902,3.1705246596171084,3.1705246596171084,3.1705246596171084,23.73659783519167,Safe ,
15.157592197472677,15.445593418066442,13.32206666549804,15.157592197472677,1.0474222733844902,1.0474222733844902,1.0474222733844902,3.1705246596171084,3.1705246596171084,3.1705246596171084,23.359690467373973,Safe ,
15.157592197472677,15.445593418066442,13.32206666549804,15.157592197472677,1.0474222733844902,1.0474222733844902,1.0474222733844902,3.1705246596171084,3.1705246596171084,3.1705246596171084,19.264495495668303,Safe ,
15.157592197472677,15.445593418066442,13.32206666549804,15.157592197472677,1.0474222733844902,1.0474222733844902,1.0474222733844902,3.1705246596171084,3.1705246596171084,3.1705246596171084,19.101609757556282,Safe ,
15.157592197472677,15.445593418066442,13.32206666549804,15.157592197472677,1.0474222733844902,1.0474222733844902,1.0474222733844902,3.1705246596171084,3.1705246596171084,3.1705246596171084,21.848501757772006,Safe ,
15.157592197472677,15.445593418066442,13.32206666549804,15.157592197472677,1.0474222733844902,1.0474222733844902,1.0474222733844902,3.1705246596171084,3.1705246596171084,3.1705246596171084,19.864040965606385,Safe ,
15.157592197472677,15.445593418066442,13.32206666549804,15.157592197472677,1.0474222733844902,1.0474222733844902,1.0474222733844902,3.1705246596171084,3.1705246596171084,3.1705246596171084,18.63144468403873,Safe ,
15.157592197472677,15.445593418066442,13.32206666549804,15.157592197472677,1.0474222733844902,1.0474222733844902,1.0474222733844902,3.1705246596171084,3.1705246596171084,3.1705246596171084,18.69019074833036,Safe ,
15.157592197472677,15.445593418066442,13.32206666549804,15.157592197472677,1.0474222733844902,1.0474222733844902,1.0474222733844902,3.1705246596171084,3.1705246596171084,3.1705246596171084,21.472852367308857,Safe ,
15.157592197472677,15.445593418066442,13.32206666549804,15.157592197472677,1.0474222733844902,1.0474222733844902,1.0474222733844902,3.1705246596171084,3.1705246596171084,3.1705246596171084,19.76425700572639,Safe ,
15.157592197472677,15.445593418066442,13.32206666549804,15.157592197472677,1.0474222733844902,1.0474222733844902,1.0474222733844902,3.1705246596171084,3.1705246596171084,3.1705246596171084,19.864031300465296,Safe ,
15.157592197472677,15.445593418066442,13.32206666549804,15.157592197472677,1.0474222733844902,1.0474222733844902,1.0474222733844902,3.1705246596171084,3.1705246596171084,3.1705246596171084,19.456106769437646,Safe ,
15.157592197472677,15.445593418066442,13.32206666549804,15.157592197472677,1.0474222733844902,1.0474222733844902,1.0474222733844902,3.1705246596171084,3.1705246596171084,3.1705246596171084,18.839088727153808,Safe ,
15.157592197472677,15.445593418066442,13.32206666549804,15.157592197472677,1.0474222733844902,1.0474222733844902,1.0474222733844902,3.1705246596171084,3.1705246596171084,3.1705246596171084,15.993111509712723,Fail ,
15.157592197472677,15.445593418066442,13.32206666549804,15.157592197472677,1.0474222733844902,1.0474222733844902,1.0474222733844902,3.1705246596171084,3.1705246596171084,3.1705246596171084,16.789775032120176,Fail ,
15.157592197472677,15.445593418066442,13.32206666549804,15.157592197472677,1.0474222733844902,1.0474222733844902,1.0474222733844902,3.1705246596171084,3.1705246596171084,3.1705246596171084,19.844537461180455,Safe ,
15.157592197472677,15.445593418066442,13.32206666549804,15.157592197472677,1.0474222733844902,1.0474222733844902,1.0474222733844902,3.1705246596171084,3.1705246596171084,3.1705246596171084,22.84641934280402,Safe ,
15.157592197472677,15.445593418066442,13.32206666549804,15.157592197472677,1.0474222733844902,1.0474222733844902,1.0474222733844902,3.1705246596171084,3.1705246596171084,3.1705246596171084,21.7431890262339,Safe ,
15.157592197472677,15.445593418066442,13.32206666549804,15.157592197472677,1.0474222733844902,1.0474222733844902,1.0474222733844902,3.1705246596171084,3.1705246596171084,3.1705246596171084,20.44780047854736,Safe ,
15.157592197472677,15.445593418066442,13.32206666549804,15.157592197472677,1.0474222733844902,1.0474222733844902,1.0474222733844902,3.1705246596171084,3.1705246596171084,3.1705246596171084,15.24782446145123,Fail ,
15.157592197472677,15.445593418066442,13.32206666549804,15.157592197472677,1.0474222733844902,1.0474222733844902,1.0474222733844902,3.1705246596171084,3.1705246596171084,3.1705246596171084,19.65707795608247,Safe ,
15.157592197472677,15.445593418066442,13.32206666549804,15.157592197472677,1.0474222733844902,1.0474222733844902,1.0474222733844902,3.1705246596171084,3.1705246596171084,3.1705246596171084,19.990073682712783,Safe ,
15.157592197472677,15.445593418066442,13.32206666549804,15.157592197472677,1.0474222733844902,1.0474222733844902,1.0474222733844902,3.1705246596171084,3.1705246596171084,3.1705246596171084,21.77178215922385,Safe ,
15.157592197472677,15.445593418066442,13.32206666549804,15.157592197472677,1.0474222733844902,1.0474222733844902,1.0474222733844902,3.1705246596171084,3.1705246596171084,3.1705246596171084,18.445929154223794,Safe ,
15.157592197472677,15.445593418066442,13.32206666549804,15.157592197472677,1.0474222733844902,1.0474222733844902,1.0474222733844902,3.1705246596171084,3.1705246596171084,3.1705246596171084,18.209150661741415,Safe ,
15.157592197472677,15.445593418066442,13.32206666549804,15.157592197472677,1.0474222733844902,1.0474222733844902,1.0474222733844902,3.1705246596171084,3.1705246596171084,3.1705246596171084,18.06817595693285,Safe ,
15.157592197472677,15.445593418066442,13.32206666549804,15.157592197472677,1.0474222733844902,1.0474222733844902,1.0474222733844902,3.1705246596171084,3.1705246596171084,3.1705246596171084,19.526113137473377,Safe ,
15.157592197472677,15.445593418066442,13.32206666549804,15.157592197472677,1.0474222733844902,1.0474222733844902,1.0474222733844902,3.1705246596171084,3.1705246596171084,3.1705246596171084,22.004696219917193,Safe ,
15.157592197472677,15.445593418066442,13.32206666549804,15.157592197472677,1.0474222733844902,1.0474222733844902,1.0474222733844902,3.1705246596171084,3.1705246596171084,3.1705246596171084,21.00703784728347,Safe ,
15.157592197472677,15.445593418066442,13.32206666549804,15.157592197472677,1.0474222733844902,1.0474222733844902,1.0474222733844902,3.1705246596171084,3.1705246596171084,3.1705246596171084,20.42771008947441,Safe ,
15.157592197472677,15.445593418066442,13.32206666549804,15.157592197472677,1.0474222733844902,1.0474222733844902,1.0474222733844902,3.1705246596171084,3.1705246596171084,3.1705246596171084,20.53180492476049,Safe ,
15.157592197472677,15.445593418066442,13.32206666549804,15.157592197472677,1.0474222733844902,1.0474222733844902,1.0474222733844902,3.1705246596171084,3.1705246596171084,3.1705246596171084,19.734036104061524,Safe ,
15.157592197472677,15.445593418066442,13.32206666549804,15.157592197472677,1.0474222733844902,1.0474222733844902,1.0474222733844902,3.1705246596171084,3.1705246596171084,3.1705246596171084,20.094403423240518,Safe ,
15.157592197472677,15.445593418066442,13.32206666549804,15.157592197472677,1.0474222733844902,1.0474222733844902,1.0474222733844902,3.1705246596171084,3.1705246596171084,3.1705246596171084,22.00159972337399,Safe ,
15.157592197472677,15.445593418066442,13.32206666549804,15.157592197472677,1.0474222733844902,1.0474222733844902,1.0474222733844902,3.1705246596171084,3.1705246596171084,3.1705246596171084,18.815114528542505,Safe ,
15.157592197472677,15.445593418066442,13.32206666549804,15.157592197472677,1.0474222733844902,1.0474222733844902,1.0474222733844902,3.1705246596171084,3.1705246596171084,3.1705246596171084,22.25003105805792,Safe ,
15.157592197472677,15.445593418066442,13.32206666549804,15.157592197472677,1.0474222733844902,1.0474222733844902,1.0474222733844902,3.1705246596171084,3.1705246596171084,3.1705246596171084,18.49083085881602,Safe ,
15.157592197472677,15.445593418066442,13.32206666549804,15.157592197472677,1.0474222733844902,1.0474222733844902,1.0474222733844902,3.1705246596171084,3.1705246596171084,3.1705246596171084,20.149310576467823,Safe ,
15.157592197472677,15.445593418066442,13.32206666549804,15.157592197472677,1.0474222733844902,1.0474222733844902,1.0474222733844902,3.1705246596171084,3.1705246596171084,3.1705246596171084,22.22603893994648,Safe ,
15.157592197472677,15.445593418066442,13.32206666549804,15.157592197472677,1.0474222733844902,1.0474222733844902,1.0474222733844902,3.1705246596171084,3.1705246596171084,3.1705246596171084,16.603775254540693,Fail ,
15.157592197472677,15.445593418066442,13.32206666549804,15.157592197472677,1.0474222733844902,1.0474222733844902,1.0474222733844902,3.1705246596171084,3.1705246596171084,3.1705246596171084,20.62942656359556,Safe ,
15.157592197472677,15.445593418066442,13.32206666549804,15.157592197472677,1.0474222733844902,1.0474222733844902,1.0474222733844902,3.1705246596171084,3.1705246596171084,3.1705246596171084,23.436053450509082,Safe ,
15.157592197472677,15.445593418066442,13.32206666549804,15.157592197472677,1.0474222733844902,1.0474222733844902,1.0474222733844902,3.1705246596171084,3.1705246596171084,3.1705246596171084,23.70243673225433,Safe ,
15.157592197472677,15.445593418066442,13.32206666549804,15.157592197472677,1.0474222733844902,1.0474222733844902,1.0474222733844902,3.1705246596171084,3.1705246596171084,3.1705246596171084,20.320957965412628,Safe ,
15.157592197472677,15.445593418066442,13.32206666549804,15.157592197472677,1.0474222733844902,1.0474222733844902,1.0474222733844902,3.1705246596171084,3.1705246596171084,3.1705246596171084,22.682345049330753,Safe ,
15.157592197472677,15.445593418066442,13.32206666549804,15.157592197472677,1.0474222733844902,1.0474222733844902,1.0474222733844902,3.1705246596171084,3.1705246596171084,3.1705246596171084,19.11270193793092,Safe ,
15.157592197472677,15.445593418066442,13.32206666549804,15.157592197472677,1.0474222733844902,1.0474222733844902,1.0474222733844902,3.1705246596171084,3.1705246596171084,3.1705246596171084,18.553255132341896,Safe ,
15.157592197472677,15.445593418066442,13.32206666549804,15.157592197472677,1.0474222733844902,1.0474222733844902,1.0474222733844902,3.1705246596171084,3.1705246596171084,3.1705246596171084,17.338711653804143,Fail ,
15.157592197472677,15.445593418066442,13.32206666549804,15.157592197472677,1.0474222733844902,1.0474222733844902,1.0474222733844902,3.1705246596171084,3.1705246596171084,3.1705246596171084,17.882225877260723,Safe ,
15.157592197472677,15.445593418066442,13.32206666549804,15.157592197472677,1.0474222733844902,1.0474222733844902,1.0474222733844902,3.1705246596171084,3.1705246596171084,3.1705246596171084,21.633874483368245,Safe ,
15.157592197472677,15.445593418066442,13.32206666549804,15.157592197472677,1.0474222733844902,1.0474222733844902,1.0474222733844902,3.1705246596171084,3.1705246596171084,3.1705246596171084,20.436419543418,Safe ,
15.157592197472677,15.445593418066442,13.32206666549804,15.157592197472677,1.0474222733844902,1.0474222733844902,1.0474222733844902,3.1705246596171084,3.1705246596171084,3.1705246596171084,20.193262144722162,Safe ,
15.157592197472677,15.445593418066442,13.32206666549804,15.157592197472677,1.0474222733844902,1.0474222733844902,1.0474222733844902,3.1705246596171084,3.1705246596171084,3.1705246596171084,20.480989418514735,Safe ,
15.157592197472677,15.445593418066442,13.32206666549804,15.157592197472677,1.0474222733844902,1.0474222733844902,1.0474222733844902,3.1705246596171084,3.1705246596171084,3.1705246596171084,21.06571428291603,Safe ,
15.157592197472677,15.445593418066442,13.32206666549804,15.157592197472677,1.0474222733844902,1.0474222733844902,1.0474222733844902,3.1705246596171084,3.1705246596171084,3.1705246596171084,19.520820233621528,Safe ,
15.157592197472677,15.445593418066442,13.32206666549804,15.157592197472677,1.0474222733844902,1.0474222733844902,1.0474222733844902,3.1705246596171084,3.1705246596171084,3.1705246596171084,18.355128006363817,Safe ,
15.157592197472677,15.445593418066442,13.32206666549804,15.157592197472677,1.0474222733844902,1.0474222733844902,1.0474222733844902,3.1705246596171084,3.1705246596171084,3.1705246596171084,20.21779546832298,Safe ,
15.157592197472677,15.445593418066442,13.32206666549804,15.157592197472677,1.0474222733844902,1.0474222733844902,1.0474222733844902,3.1705246596171084,3.1705246596171084,3.1705246596171084,21.475102509375926,Safe ,
15.157592197472677,15.445593418066442,13.32206666549804,15.157592197472677,1.0474222733844902,1.0474222733844902,1.0474222733844902,3.1705246596171084,3.1705246596171084,3.1705246596171084,20.510537074209758,Safe ,
15.157592197472677,15.445593418066442,13.32206666549804,15.157592197472677,1.0474222733844902,1.0474222733844902,1.0474222733844902,3.1705246596171084,3.1705246596171084,3.1705246596171084,22.447309319469866,Safe ,
15.157592197472677,15.445593418066442,13.32206666549804,15.157592197472677,1.0474222733844902,1.0474222733844902,1.0474222733844902,3.1705246596171084,3.1705246596171084,3.1705246596171084,21.16859229750245,Safe ,
15.157592197472677,15.445593418066442,13.32206666549804,15.157592197472677,1.0474222733844902,1.0474222733844902,1.0474222733844902,3.1705246596171084,3.1705246596171084,3.1705246596171084,17.376261969886556,Fail ,
15.157592197472677,15.445593418066442,13.32206666549804,15.157592197472677,1.0474222733844902,1.0474222733844902,1.0474222733844902,3.1705246596171084,3.1705246596171084,3.1705246596171084,19.949382654458763,Safe ,
15.157592197472677,15.445593418066442,13.32206666549804,15.157592197472677,1.0474222733844902,1.0474222733844902,1.0474222733844902,3.1705246596171084,3.1705246596171084,3.1705246596171084,19.293652085548786,Safe ,
15.157592197472677,15.445593418066442,13.32206666549804,15.157592197472677,1.0474222733844902,1.0474222733844902,1.0474222733844902,3.1705246596171084,3.1705246596171084,3.1705246596171084,21.29309012247368,Safe ,
15.157592197472677,15.445593418066442,13.32206666549804,15.157592197472677,1.0474222733844902,1.0474222733844902,1.0474222733844902,3.1705246596171084,3.1705246596171084,3.1705246596171084,18.84636412090069,Safe ,
15.157592197472677,15.445593418066442,13.32206666549804,15.157592197472677,1.0474222733844902,1.0474222733844902,1.0474222733844902,3.1705246596171084,3.1705246596171084,3.1705246596171084,22.552424664642466,Safe ,
15.157592197472677,15.445593418066442,13.32206666549804,15.157592197472677,1.0474222733844902,1.0474222733844902,1.0474222733844902,3.1705246596171084,3.1705246596171084,3.1705246596171084,20.374866199707697,Safe ,
15.157592197472677,15.445593418066442,13.32206666549804,15.157592197472677,1.0474222733844902,1.0474222733844902,1.0474222733844902,3.1705246596171084,3.1705246596171084,3.1705246596171084,20.221270110759338,Safe ,
15.157592197472677,15.445593418066442,13.32206666549804,15.157592197472677,1.0474222733844902,1.0474222733844902,1.0474222733844902,3.1705246596171084,3.1705246596171084,3.1705246596171084,21.448153879298317,Safe ,
15.157592197472677,15.445593418066442,13.32206666549804,15.157592197472677,1.0474222733844902,1.0474222733844902,1.0474222733844902,3.1705246596171084,3.1705246596171084,3.1705246596171084,21.01828977075873,Safe ,
15.157592197472677,15.445593418066442,13.32206666549804,15.157592197472677,1.0474222733844902,1.0474222733844902,1.0474222733844902,3.1705246596171084,3.1705246596171084,3.1705246596171084,18.21671052108032,Safe ,
15.157592197472677,15.445593418066442,13.32206666549804,15.157592197472677,1.0474222733844902,1.0474222733844902,1.0474222733844902,3.1705246596171084,3.1705246596171084,3.1705246596171084,20.59822556150672,Safe ,
15.157592197472677,15.445593418066442,13.32206666549804,15.157592197472677,1.0474222733844902,1.0474222733844902,1.0474222733844902,3.1705246596171084,3.1705246596171084,3.1705246596171084,19.595090995894314,Safe ,
15.157592197472677,15.445593418066442,13.32206666549804,15.157592197472677,1.0474222733844902,1.0474222733844902,1.0474222733844902,3.1705246596171084,3.1705246596171084,3.1705246596171084,18.180291488073692,Safe ,
15.157592197472677,15.445593418066442,13.32206666549804,15.157592197472677,1.0474222733844902,1.0474222733844902,1.0474222733844902,3.1705246596171084,3.1705246596171084,3.1705246596171084,20.22697696168403,Safe ,
15.157592197472677,15.445593418066442,13.32206666549804,15.157592197472677,1.0474222733844902,1.0474222733844902,1.0474222733844902,3.1705246596171084,3.1705246596171084,3.1705246596171084,20.873049782732192,Safe ,
15.157592197472677,15.445593418066442,13.32206666549804,15.157592197472677,1.0474222733844902,1.0474222733844902,1.0474222733844902,3.1705246596171084,3.1705246596171084,3.1705246596171084,18.330714442631972,Safe ,
15.157592197472677,15.445593418066442,13.32206666549804,15.157592197472677,1.0474222733844902,1.0474222733844902,1.0474222733844902,3.1705246596171084,3.1705246596171084,3.1705246596171084,18.132332753356156,Safe ,
15.157592197472677,15.445593418066442,13.32206666549804,15.157592197472677,1.0474222733844902,1.0474222733844902,1.0474222733844902,3.1705246596171084,3.1705246596171084,3.1705246596171084,19.04429907399898,Safe ,
15.157592197472677,15.445593418066442,13.32206666549804,15.157592197472677,1.0474222733844902,1.0474222733844902,1.0474222733844902,3.1705246596171084,3.1705246596171084,3.1705246596171084,20.427137167907887,Safe ,
15.157592197472677,15.445593418066442,13.32206666549804,15.157592197472677,1.0474222733844902,1.0474222733844902,1.0474222733844902,3.1705246596171084,3.1705246596171084,3.1705246596171084,22.253140348787696,Safe ,
15.157592197472677,15.445593418066442,13.32206666549804,15.157592197472677,1.0474222733844902,1.0474222733844902,1.0474222733844902,3.1705246596171084,3.1705246596171084,3.1705246596171084,21.90522675973827,Safe ,
15.157592197472677,15.445593418066442,13.32206666549804,15.157592197472677,1.0474222733844902,1.0474222733844902,1.0474222733844902,3.1705246596171084,3.1705246596171084,3.1705246596171084,21.896445710496973,Safe ,
15.157592197472677,15.445593418066442,13.32206666549804,15.157592197472677,1.0474222733844902,1.0474222733844902,1.0474222733844902,3.1705246596171084,3.1705246596171084,3.1705246596171084,19.863691586329,Safe ,
15.157592197472677,15.445593418066442,13.32206666549804,15.157592197472677,1.0474222733844902,1.0474222733844902,1.0474222733844902,3.1705246596171084,3.1705246596171084,3.1705246596171084,21.754995554340326,Safe ,
15.157592197472677,15.445593418066442,13.32206666549804,15.157592197472677,1.0474222733844902,1.0474222733844902,1.0474222733844902,3.1705246596171084,3.1705246596171084,3.1705246596171084,22.067291728861804,Safe ,
15.157592197472677,15.445593418066442,13.32206666549804,15.157592197472677,1.0474222733844902,1.0474222733844902,1.0474222733844902,3.1705246596171084,3.1705246596171084,3.1705246596171084,19.150831515954557,Safe ,
15.157592197472677,15.445593418066442,13.32206666549804,15.157592197472677,1.0474222733844902,1.0474222733844902,1.0474222733844902,3.1705246596171084,3.1705246596171084,3.1705246596171084,18.605431924937136,Safe ,
15.157592197472677,15.445593418066442,13.32206666549804,15.157592197472677,1.0474222733844902,1.0474222733844902,1.0474222733844902,3.1705246596171084,3.1705246596171084,3.1705246596171084,22.93187621991054,Safe ,
15.157592197472677,15.445593418066442,13.32206666549804,15.157592197472677,1.0474222733844902,1.0474222733844902,1.0474222733844902,3.1705246596171084,3.1705246596171084,3.1705246596171084,17.434835919622966,Fail ,
15.157592197472677,15.445593418066442,13.32206666549804,15.157592197472677,1.0474222733844902,1.0474222733844902,1.0474222733844902,3.1705246596171084,3.1705246596171084,3.1705246596171084,19.030502634404687,Safe ,
15.157592197472677,15.445593418066442,13.32206666549804,15.157592197472677,1.0474222733844902,1.0474222733844902,1.0474222733844902,3.1705246596171084,3.1705246596171084,3.1705246596171084,19.779424117133555,Safe ,
15.157592197472677,15.445593418066442,13.32206666549804,15.157592197472677,1.0474222733844902,1.0474222733844902,1.0474222733844902,3.1705246596171084,3.1705246596171084,3.1705246596171084,19.726837752008617,Safe ,
15.157592197472677,15.445593418066442,13.32206666549804,15.157592197472677,1.0474222733844902,1.0474222733844902,1.0474222733844902,3.1705246596171084,3.1705246596171084,3.1705246596171084,23.76042855741755,Safe ,
15.157592197472677,15.445593418066442,13.32206666549804,15.157592197472677,1.0474222733844902,1.0474222733844902,1.0474222733844902,3.1705246596171084,3.1705246596171084,3.1705246596171084,17.494562178769023,Fail ,
15.157592197472677,15.445593418066442,13.32206666549804,15.157592197472677,1.0474222733844902,1.0474222733844902,1.0474222733844902,3.1705246596171084,3.1705246596171084,3.1705246596171084,19.712395676653777,Safe ,
15.157592197472677,15.445593418066442,13.32206666549804,15.157592197472677,1.0474222733844902,1.0474222733844902,1.0474222733844902,3.1705246596171084,3.1705246596171084,3.1705246596171084,18.413518574310512,Safe ,
15.157592197472677,15.445593418066442,13.32206666549804,15.157592197472677,1.0474222733844902,1.0474222733844902,1.0474222733844902,3.1705246596171084,3.1705246596171084,3.1705246596171084,22.313408491733394,Safe ,
15.157592197472677,15.445593418066442,13.32206666549804,15.157592197472677,1.0474222733844902,1.0474222733844902,1.0474222733844902,3.1705246596171084,3.1705246596171084,3.1705246596171084,20.33259277477817,Safe ,
15.157592197472677,15.445593418066442,13.32206666549804,15.157592197472677,1.0474222733844902,1.0474222733844902,1.0474222733844902,3.1705246596171084,3.1705246596171084,3.1705246596171084,18.322849511484502,Safe ,
15.157592197472677,15.445593418066442,13.32206666549804,15.157592197472677,1.0474222733844902,1.0474222733844902,1.0474222733844902,3.1705246596171084,3.1705246596171084,3.1705246596171084,21.547728080531353,Safe ,
15.157592197472677,15.445593418066442,13.32206666549804,15.157592197472677,1.0474222733844902,1.0474222733844902,1.0474222733844902,3.1705246596171084,3.1705246596171084,3.1705246596171084,20.597933009528457,Safe ,
15.157592197472677,15.445593418066442,13.32206666549804,15.157592197472677,1.0474222733844902,1.0474222733844902,1.0474222733844902,3.1705246596171084,3.1705246596171084,3.1705246596171084,24.038289304918084,Safe ,
15.157592197472677,15.445593418066442,13.32206666549804,15.157592197472677,1.0474222733844902,1.0474222733844902,1.0474222733844902,3.1705246596171084,3.1705246596171084,3.1705246596171084,22.2178304692801,Safe ,
15.157592197472677,15.445593418066442,13.32206666549804,15.157592197472677,1.0474222733844902,1.0474222733844902,1.0474222733844902,3.1705246596171084,3.1705246596171084,3.1705246596171084,19.823127837245348,Safe ,
15.157592197472677,15.445593418066442,13.32206666549804,15.157592197472677,1.0474222733844902,1.0474222733844902,1.0474222733844902,3.1705246596171084,3.1705246596171084,3.1705246596171084,18.809725864617835,Safe ,
15.157592197472677,15.445593418066442,13.32206666549804,15.157592197472677,1.0474222733844902,1.0474222733844902,1.0474222733844902,3.1705246596171084,3.1705246596171084,3.1705246596171084,20.88625429564782,Safe ,
15.157592197472677,15.445593418066442,13.32206666549804,15.157592197472677,1.0474222733844902,1.0474222733844902,1.0474222733844902,3.1705246596171084,3.1705246596171084,3.1705246596171084,22.529436623148783,Safe ,
15.157592197472677,15.445593418066442,13.32206666549804,15.157592197472677,1.0474222733844902,1.0474222733844902,1.0474222733844902,3.1705246596171084,3.1705246596171084,3.1705246596171084,21.01918854495415,Safe ,
