W14X22, L = 360.0 in, slope = 0.020833333333333332 in/in, dead load = 6.944444444444444e-05 kip/in^2
zwlim AISC Appendix 2,zwlim DAMP,zwlim Proposed for ASCE 7,zwlim Neglect Ponding,dhnom Denver,dhnom New York,dhnom New Orleans,dh Denver,dh New York,dh New Orleans,dmax
15.157592197472677,15.445593418066442,13.32206666549804,15.157592197472677,5.434636859031288,5.434636859031288,5.434636859031288,10.984981086001518,10.984981086001518,10.984981086001518,22.046933326444666,Safe ,
15.157592197472677,15.445593418066442,13.32206666549804,15.157592197472677,5.434636859031288,5.434636859031288,5.434636859031288,10.984981086001518,10.984981086001518,10.984981086001518,19.261249514367734,Fail ,
15.157592197472677,15.445593418066442,13.32206666549804,15.157592197472677,5.434636859031288,5.434636859031288,5.434636859031288,10.984981086001518,10.984981086001518,10.984981086001518,18.532547412468954,Fail ,
15.157592197472677,15.445593418066442,13.32206666549804,15.157592197472677,5.434636859031288,5.434636859031288,5.434636859031288,10.984981086001518,10.984981086001518,10.984981086001518,21.76623134332287,Safe ,
15.157592197472677,15.445593418066442,13.32206666549804,15.157592197472677,5.434636859031288,5.434636859031288,5.434636859031288,10.984981086001518,10.984981086001518,10.984981086001518,18.275803220208836,Fail ,
15.157592197472677,15.445593418066442,13.32206666549804,15.157592197472677,5.434636859031288,5.434636859031288,5.434636859031288,10.984981086001518,10.984981086001518,10.984981086001518,26.92526403537148,Safe ,
15.157592197472677,15.445593418066442,13.32206666549804,15.157592197472677,5.434636859031288,5.434636859031288,5.434636859031288,10.984981086001518,10.984981086001518,10.984981086001518,20.34167831291419,Fail ,
15.157592197472677,15.445593418066442,13.32206666549804,15.157592197472677,5.434636859031288,5.434636859031288,5.434636859031288,10.984981086001518,10.984981086001518,10.984981086001518,18.44740539105709,Fail ,
15.157592197472677,15.445593418066442,13.32206666549804,15.157592197472677,5.434636859031288,5.434636859031288,5.434636859031288,10.984981086001518,10.984981086001518,10.984981086001518,21.26552935370691,Safe ,
15.157592197472677,15.445593418066442,13.32206666549804,15.157592197472677,5.434636859031288,5.434636859031288,5.434636859031288,10.984981086001518,10.984981086001518,10.984981086001518,19.984610245329506,Fail ,
15.157592197472677,15.445593418066442,13.32206666549804,15.157592197472677,5.434636859031288,5.434636859031288,5.434636859031288,10.984981086001518,10.984981086001518,10.984981086001518,17.62810087923314,Fail ,
15.157592197472677,15.445593418066442,13.32206666549804,15.157592197472677,5.434636859031288,5.434636859031288,5.434636859031288,10.984981086001518,10.984981086001518,10.984981086001518,17.022820221634067,Fail ,
15.157592197472677,15.445593418066442,13.32206666549804,15.157592197472677,5.434636859031288,5.434636859031288,5.434636859031288,10.984981086001518,10.984981086001518,10.984981086001518,21.458817216549072,Safe ,
15.157592197472677,15.445593418066442,13.32206666549804,15.157592197472677,5.434636859031288,5.434636859031288,5.434636859031288,10.984981086001518,10.984981086001518,10.984981086001518,18.863138626072583,Fail ,
15.157592197472677,15.445593418066442,13.32206666549804,15.157592197472677,5.434636859031288,5.434636859031288,5.434636859031288,10.984981086001518,10.984981086001518,10.984981086001518,21.856793129372573,Safe ,
15.157592197472677,15.445593418066442,13.32206666549804,15.157592197472677,5.434636859031288,5.434636859031288,5.434636859031288,10.984981086001518,10.984981086001518,10.984981086001518,19.855484807485055,Fail ,
15.157592197472677,15.445593418066442,13.32206666549804,15.157592197472677,5.434636859031288,5.434636859031288,5.434636859031288,10.984981086001518,10.984981086001518,10.984981086001518,20.516967850646093,Fail ,
15.157592197472677,15.445593418066442,13.32206666549804,15.157592197472677,5.434636859031288,5.434636859031288,5.434636859031288,10.984981086001518,10.984981086001518,10.984981086001518,22.44818383156985,Safe ,
15.157592197472677,15.445593418066442,13.32206666549804,15.157592197472677,5.434636859031288,5.434636859031288,5.434636859031288,10.984981086001518,10.984981086001518,10.984981086001518,18.386894563637885,Fail ,
15.157592197472677,15.445593418066442,13.32206666549804,15.157592197472677,5.434636859031288,5.434636859031288,5.434636859031288,10.984981086001518,10.984981086001518,10.984981086001518,19.330197332258656,Fail ,
15.157592197472677,15.445593418066442,13.32206666549804,15.157592197472677,5.434636859031288,5.434636859031288,5.434636859031288,10.984981086001518,10.984981086001518,10.984981086001518,18.302165522429313,Fail ,
15.157592197472677,15.445593418066442,13.32206666549804,15.157592197472677,5.434636859031288,5.434636859031288,5.434636859031288,10.984981086001518,10.984981086001518,10.984981086001518,21.69050437257105,Safe ,
15.157592197472677,15.445593418066442,13.32206666549804,15.157592197472677,5.434636859031288,5.434636859031288,5.434636859031288,10.984981086001518,10.984981086001518,10.984981086001518,22.569589916729093,Safe ,
15.157592197472677,15.445593418066442,13.32206666549804,15.157592197472677,5.434636859031288,5.434636859031288,5.434636859031288,10.984981086001518,10.984981086001518,10.984981086001518,20.093510988083445,Fail ,
15.157592197472677,15.445593418066442,13.32206666549804,15.157592197472677,5.434636859031288,5.434636859031288,5.434636859031288,10.984981086001518,10.984981086001518,10.984981086001518,19.211965863935564,Fail ,
15.157592197472677,15.445593418066442,13.32206666549804,15.157592197472677,5.434636859031288,5.434636859031288,5.434636859031288,10.984981086001518,10.984981086001518,10.984981086001518,16.947924816624468,Fail ,
15.157592197472677,15.445593418066442,13.32206666549804,15.157592197472677,5.434636859031288,5.434636859031288,5.434636859031288,10.984981086001518,10.984981086001518,10.984981086001518,21.160861170568307,Safe ,
15.157592197472677,15.445593418066442,13.32206666549804,15.157592197472677,5.434636859031288,5.434636859031288,5.434636859031288,10.984981086001518,10.984981086001518,10.984981086001518,20.85015263188237,Fail ,
15.157592197472677,15.445593418066442,13.32206666549804,15.157592197472677,5.434636859031288,5.434636859031288,5.434636859031288,10.984981086001518,10.984981086001518,10.984981086001518,18.47153315375652,Fail ,
15.157592197472677,15.445593418066442,13.32206666549804,15.157592197472677,5.434636859031288,5.434636859031288,5.434636859031288,10.984981086001518,10.984981086001518,10.984981086001518,23.29188049394496,Safe ,
15.157592197472677,15.445593418066442,13.32206666549804,15.157592197472677,5.434636859031288,5.434636859031288,5.434636859031288,10.984981086001518,10.984981086001518,10.984981086001518,20.465624968621473,Fail ,
15.157592197472677,15.445593418066442,13.32206666549804,15.157592197472677,5.434636859031288,5.434636859031288,5.434636859031288,10.984981086001518,10.984981086001518,10.984981086001518,21.193633694002262,Safe ,
15.157592197472677,15.445593418066442,13.32206666549804,15.157592197472677,5.434636859031288,5.434636859031288,5.434636859031288,10.984981086001518,10.984981086001518,10.984981086001518,19.025442727068672,Fail ,
15.157592197472677,15.445593418066442,13.32206666549804,15.157592197472677,5.434636859031288,5.434636859031288,5.434636859031288,10.984981086001518,10.984981086001518,10.984981086001518,22.61115284063674,Safe ,
15.157592197472677,15.445593418066442,13.32206666549804,15.157592197472677,5.434636859031288,5.434636859031288,5.434636859031288,10.984981086001518,10.984981086001518,10.984981086001518,21.50934674373732,Safe ,
15.157592197472677,15.445593418066442,13.32206666549804,15.157592197472677,5.434636859031288,5.434636859031288,5.434636859031288,10.984981086001518,10.984981086001518,10.984981086001518,18.402927687374007,Fail ,
15.157592197472677,15.445593418066442,13.32206666549804,15.157592197472677,5.434636859031288,5.434636859031288,5.434636859031288,10.984981086001518,10.984981086001518,10.984981086001518,20.819154666520696,Fail ,
15.157592197472677,15.445593418066442,13.32206666549804,15.157592197472677,5.434636859031288,5.434636859031288,5.434636859031288,10.984981086001518,10.984981086001518,10.984981086001518,21.166778637569276,Safe ,
15.157592197472677,15.445593418066442,13.32206666549804,15.157592197472677,5.434636859031288,5.434636859031288,5.434636859031288,10.984981086001518,10.984981086001518,10.984981086001518,22.055224760510534,Safe ,
15.157592197472677,15.445593418066442,13.32206666549804,15.157592197472677,5.434636859031288,5.434636859031288,5.434636859031288,10.984981086001518,10.984981086001518,10.984981086001518,17.824183282683194,Fail ,
15.157592197472677,15.445593418066442,13.32206666549804,15.157592197472677,5.434636859031288,5.434636859031288,5.434636859031288,10.984981086001518,10.984981086001518,10.984981086001518,22.52379206955404,Safe ,
15.157592197472677,15.445593418066442,13.32206666549804,15.157592197472677,5.434636859031288,5.434636859031288,5.434636859031288,10.984981086001518,10.984981086001518,10.984981086001518,19.041874759183,Fail ,
15.157592197472677,15.445593418066442,13.32206666549804,15.157592197472677,5.434636859031288,5.434636859031288,5.434636859031288,10.984981086001518,10.984981086001518,10.984981086001518,19.99189958706454,Fail ,
15.157592197472677,15.445593418066442,13.32206666549804,15.157592197472677,5.434636859031288,5.434636859031288,5.434636859031288,10.984981086001518,10.984981086001518,10.984981086001518,19.511198099252027,Fail ,
15.157592197472677,15.445593418066442,13.32206666549804,15.157592197472677,5.434636859031288,5.434636859031288,5.434636859031288,10.984981086001518,10.984981086001518,10.984981086001518,22.264778621139744,Safe ,
15.157592197472677,15.445593418066442,13.32206666549804,15.157592197472677,5.434636859031288,5.434636859031288,5.434636859031288,10.984981086001518,10.984981086001518,10.984981086001518,17.419106860193477,Fail ,
15.157592197472677,15.445593418066442,13.32206666549804,15.157592197472677,5.434636859031288,5.434636859031288,5.434636859031288,10.984981086001518,10.984981086001518,10.984981086001518,20.332250605381276,Fail ,
15.157592197472677,15.445593418066442,13.32206666549804,15.157592197472677,5.434636859031288,5.434636859031288,5.434636859031288,10.984981086001518,10.984981086001518,10.984981086001518,19.025013948602293,Fail ,
15.157592197472677,15.445593418066442,13.32206666549804,15.157592197472677,5.434636859031288,5.434636859031288,5.434636859031288,10.984981086001518,10.984981086001518,10.984981086001518,20.387768401290273,Fail ,
15.157592197472677,15.445593418066442,13.32206666549804,15.157592197472677,5.434636859031288,5.434636859031288,5.434636859031288,10.984981086001518,10.984981086001518,10.984981086001518,18.588410461651765,Fail ,
15.157592197472677,15.445593418066442,13.32206666549804,15.157592197472677,5.434636859031288,5.434636859031288,5.434636859031288,10.984981086001518,10.984981086001518,10.984981086001518,21.72306187654478,Safe ,
15.157592197472677,15.445593418066442,13.32206666549804,15.157592197472677,5.434636859031288,5.434636859031288,5.434636859031288,10.984981086001518,10.984981086001518,10.984981086001518,16.334915370723063,Fail ,
15.157592197472677,15.445593418066442,13.32206666549804,15.157592197472677,5.434636859031288,5.434636859031288,5.434636859031288,10.984981086001518,10.984981086001518,10.984981086001518,20.444083074522226,Fail ,
15.157592197472677,15.445593418066442,13.32206666549804,15.157592197472677,5.434636859031288,5.434636859031288,5.434636859031288,10.984981086001518,10.984981086001518,10.984981086001518,19.009323485819536,Fail ,
15.157592197472677,15.445593418066442,13.32206666549804,15.157592197472677,5.434636859031288,5.434636859031288,5.434636859031288,10.984981086001518,10.984981086001518,10.984981086001518,23.169163428715493,Safe ,
15.157592197472677,15.445593418066442,13.32206666549804,15.157592197472677,5.434636859031288,5.434636859031288,5.434636859031288,10.984981086001518,10.984981086001518,10.984981086001518,18.908915372427536,Fail ,
15.157592197472677,15.445593418066442,13.32206666549804,15.157592197472677,5.434636859031288,5.434636859031288,5.434636859031288,10.984981086001518,10.984981086001518,10.984981086001518,19.99768990155274,Fail ,
15.157592197472677,15.445593418066442,13.32206666549804,15.157592197472677,5.434636859031288,5.434636859031288,5.434636859031288,10.984981086001518,10.984981086001518,10.984981086001518,18.876201955287545,Fail ,
15.157592197472677,15.445593418066442,13.32206666549804,15.157592197472677,5.434636859031288,5.434636859031288,5.434636859031288,10.984981086001518,10.984981086001518,10.984981086001518,17.098025666593415,Fail ,
15.157592197472677,15.445593418066442,13.32206666549804,15.157592197472677,5.434636859031288,5.434636859031288,5.434636859031288,10.984981086001518,10.984981086001518,10.984981086001518,20.66436018444401,Fail ,
15.157592197472677,15.445593418066442,13.32206666549804,15.157592197472677,5.434636859031288,5.434636859031288,5.434636859031288,10.984981086001518,10.984981086001518,10.984981086001518,19.15022730695875,Fail ,
15.157592197472677,15.445593418066442,13.32206666549804,15.157592197472677,5.434636859031288,5.434636859031288,5.434636859031288,10.984981086001518,10.984981086001518,10.984981086001518,23.89492355612353,Safe ,
15.157592197472677,15.445593418066442,13.32206666549804,15.157592197472677,5.434636859031288,5.434636859031288,5.434636859031288,10.984981086001518,10.984981086001518,10.984981086001518,19.91607423246386,Fail ,
15.157592197472677,15.445593418066442,13.32206666549804,15.157592197472677,5.434636859031288,5.434636859031288,5.434636859031288,10.984981086001518,10.984981086001518,10.984981086001518,18.09553937182962,Fail ,
15.157592197472677,15.445593418066442,13.32206666549804,15.157592197472677,5.434636859031288,5.434636859031288,5.434636859031288,10.984981086001518,10.984981086001518,10.984981086001518,21.2408156393856,Safe ,
15.157592197472677,15.445593418066442,13.32206666549804,15.157592197472677,5.434636859031288,5.434636859031288,5.434636859031288,10.984981086001518,10.984981086001518,10.984981086001518,17.60409650069737,Fail ,
15.157592197472677,15.445593418066442,13.32206666549804,15.157592197472677,5.434636859031288,5.434636859031288,5.434636859031288,10.984981086001518,10.984981086001518,10.984981086001518,20.430452759799167,Fail ,
15.157592197472677,15.445593418066442,13.32206666549804,15.157592197472677,5.434636859031288,5.434636859031288,5.434636859031288,10.984981086001518,10.984981086001518,10.984981086001518,19.389446276648176,Fail ,
15.157592197472677,15.445593418066442,13.32206666549804,15.157592197472677,5.434636859031288,5.434636859031288,5.434636859031288,10.984981086001518,10.984981086001518,10.984981086001518,21.534943614574225,Safe ,
15.157592197472677,15.445593418066442,13.32206666549804,15.157592197472677,5.434636859031288,5.434636859031288,5.434636859031288,10.984981086001518,10.984981086001518,10.984981086001518,24.623553082945953,Safe ,
15.157592197472677,15.445593418066442,13.32206666549804,15.157592197472677,5.434636859031288,5.434636859031288,5.434636859031288,10.984981086001518,10.984981086001518,10.984981086001518,20.533302302523044,Fail ,
15.157592197472677,15.445593418066442,13.32206666549804,15.157592197472677,5.434636859031288,5.434636859031288,5.434636859031288,10.984981086001518,10.984981086001518,10.984981086001518,19.235107976613826,Fail ,
15.157592197472677,15.445593418066442,13.32206666549804,15.157592197472677,5.434636859031288,5.434636859031288,5.434636859031288,10.984981086001518,10.984981086001518,10.984981086001518,20.85745450753113,Fail ,
15.157592197472677,15.445593418066442,13.32206666549804,15.157592197472677,5.434636859031288,5.434636859031288,5.434636859031288,10.984981086001518,10.984981086001518,10.984981086001518,20.007624337860367,Fail ,
15.157592197472677,15.445593418066442,13.32206666549804,15.157592197472677,5.434636859031288,5.434636859031288,5.434636859031288,10.984981086001518,10.984981086001518,10.984981086001518,19.14576920429349,Fail ,
15.157592197472677,15.445593418066442,13.32206666549804,15.157592197472677,5.434636859031288,5.434636859031288,5.434636859031288,10.984981086001518,10.984981086001518,10.984981086001518,25.460271432560155,Safe ,
15.157592197472677,15.445593418066442,13.32206666549804,15.157592197472677,5.434636859031288,5.434636859031288,5.434636859031288,10.984981086001518,10.984981086001518,10.984981086001518,23.21362481316826,Safe ,
15.157592197472677,15.445593418066442,13.32206666549804,15.157592197472677,5.434636859031288,5.434636859031288,5.434636859031288,10.984981086001518,10.984981086001518,10.984981086001518,21.392992534670313,Safe ,
15.157592197472677,15.445593418066442,13.32206666549804,15.157592197472677,5.434636859031288,5.434636859031288,5.434636859031288,10.984981086001518,10.984981086001518,10.984981086001518,19.74496209102588,Fail ,
15.157592197472677,15.445593418066442,13.32206666549804,15.157592197472677,5.434636859031288,5.434636859031288,5.434636859031288,10.984981086001518,10.984981086001518,10.984981086001518,20.24915376895818,Fail ,
15.157592197472677,15.445593418066442,13.32206666549804,15.157592197472677,5.434636859031288,5.434636859031288,5.434636859031288,10.984981086001518,10.984981086001518,10.984981086001518,20.752528057687663,Fail ,
15.157592197472677,15.445593418066442,13.32206666549804,15.157592197472677,5.434636859031288,5.434636859031288,5.434636859031288,10.984981086001518,10.984981086001518,10.984981086001518,23.34284879690205,Safe ,
15.157592197472677,15.445593418066442,13.32206666549804,15.157592197472677,5.434636859031288,5.434636859031288,5.434636859031288,10.984981086001518,10.984981086001518,10.984981086001518,19.267350756354777,Fail ,
15.157592197472677,15.445593418066442,13.32206666549804,15.157592197472677,5.434636859031288,5.434636859031288,5.434636859031288,10.984981086001518,10.984981086001518,10.984981086001518,20.49716563336387,Fail ,
15.157592197472677,15.445593418066442,13.32206666549804,15.157592197472677,5.434636859031288,5.434636859031288,5.434636859031288,10.984981086001518,10.984981086001518,10.984981086001518,21.30446612416007,Safe ,
15.157592197472677,15.445593418066442,13.32206666549804,15.157592197472677,5.434636859031288,5.434636859031288,5.434636859031288,10.984981086001518,10.984981086001518,10.984981086001518,23.33203348921967,Safe ,
15.157592197472677,15.445593418066442,13.32206666549804,15.157592197472677,5.434636859031288,5.434636859031288,5.434636859031288,10.984981086001518,10.984981086001518,10.984981086001518,19.28726120582145,Fail ,
15.157592197472677,15.445593418066442,13.32206666549804,15.157592197472677,5.434636859031288,5.434636859031288,5.434636859031288,10.984981086001518,10.984981086001518,10.984981086001518,20.321295458112843,Fail ,
15.157592197472677,15.445593418066442,13.32206666549804,15.157592197472677,5.434636859031288,5.434636859031288,5.434636859031288,10.984981086001518,10.984981086001518,10.984981086001518,22.606085712226793,Safe ,
15.157592197472677,15.445593418066442,13.32206666549804,15.157592197472677,5.434636859031288,5.434636859031288,5.434636859031288,10.984981086001518,10.984981086001518,10.984981086001518,20.319272508826558,Fail ,
15.157592197472677,15.445593418066442,13.32206666549804,15.157592197472677,5.434636859031288,5.434636859031288,5.434636859031288,10.984981086001518,10.984981086001518,10.984981086001518,19.498442697414227,Fail ,
15.157592197472677,15.445593418066442,13.32206666549804,15.157592197472677,5.434636859031288,5.434636859031288,5.434636859031288,10.984981086001518,10.984981086001518,10.984981086001518,23.844439971678778,Safe ,
15.157592197472677,15.445593418066442,13.32206666549804,15.157592197472677,5.434636859031288,5.434636859031288,5.434636859031288,10.984981086001518,10.984981086001518,10.984981086001518,23.469562940777774,Safe ,
15.157592197472677,15.445593418066442,13.32206666549804,15.157592197472677,5.434636859031288,5.434636859031288,5.434636859031288,10.984981086001518,10.984981086001518,10.984981086001518,19.399264878410648,Fail ,
15.157592197472677,15.445593418066442,13.32206666549804,15.157592197472677,5.434636859031288,5.434636859031288,5.434636859031288,10.984981086001518,10.984981086001518,10.984981086001518,19.234490636990394,Fail ,
15.157592197472677,15.445593418066442,13.32206666549804,15.157592197472677,5.434636859031288,5.434636859031288,5.434636859031288,10.984981086001518,10.984981086001518,10.984981086001518,21.964451962681572,Safe ,
15.157592197472677,15.445593418066442,13.32206666549804,15.157592197472677,5.434636859031288,5.434636859031288,5.434636859031288,10.984981086001518,10.984981086001518,10.984981086001518,19.991679386435667,Fail ,
15.157592197472677,15.445593418066442,13.32206666549804,15.157592197472677,5.434636859031288,5.434636859031288,5.434636859031288,10.984981086001518,10.984981086001518,10.984981086001518,18.765343748584588,Fail ,
15.157592197472677,15.445593418066442,13.32206666549804,15.157592197472677,5.434636859031288,5.434636859031288,5.434636859031288,10.984981086001518,10.984981086001518,10.984981086001518,18.825760828646295,Fail ,
15.157592197472677,15.445593418066442,13.32206666549804,15.157592197472677,5.434636859031288,5.434636859031288,5.434636859031288,10.984981086001518,10.984981086001518,10.984981086001518,21.586781691757093,Safe ,
15.157592197472677,15.445593418066442,13.32206666549804,15.157592197472677,5.434636859031288,5.434636859031288,5.434636859031288,10.984981086001518,10.984981086001518,10.984981086001518,19.897812591351737,Fail ,
15.157592197472677,15.445593418066442,13.32206666549804,15.157592197472677,5.434636859031288,5.434636859031288,5.434636859031288,10.984981086001518,10.984981086001518,10.984981086001518,19.991076116308594,Fail ,
15.157592197472677,15.445593418066442,13.32206666549804,15.157592197472677,5.434636859031288,5.434636859031288,5.434636859031288,10.984981086001518,10.984981086001518,10.984981086001518,19.58555495873673,Fail ,
15.157592197472677,15.445593418066442,13.32206666549804,15.157592197472677,5.434636859031288,5.434636859031288,5.434636859031288,10.984981086001518,10.984981086001518,10.984981086001518,18.971711162562737,Fail ,
15.157592197472677,15.445593418066442,13.32206666549804,15.157592197472677,5.434636859031288,5.434636859031288,5.434636859031288,10.984981086001518,10.984981086001518,10.984981086001518,16.148955999528905,Fail ,
15.157592197472677,15.445593418066442,13.32206666549804,15.157592197472677,5.434636859031288,5.434636859031288,5.434636859031288,10.984981086001518,10.984981086001518,10.984981086001518,16.940178129033832,Fail ,
15.157592197472677,15.445593418066442,13.32206666549804,15.157592197472677,5.434636859031288,5.434636859031288,5.434636859031288,10.984981086001518,10.984981086001518,10.984981086001518,19.977729343604118,Fail ,
15.157592197472677,15.445593418066442,13.32206666549804,15.157592197472677,5.434636859031288,5.434636859031288,5.434636859031288,10.984981086001518,10.984981086001518,10.984981086001518,22.95417919743771,Safe ,
15.157592197472677,15.445593418066442,13.32206666549804,15.157592197472677,5.434636859031288,5.434636859031288,5.434636859031288,10.984981086001518,10.984981086001518,10.984981086001518,21.859478115470335,Safe ,
15.157592197472677,15.445593418066442,13.32206666549804,15.157592197472677,5.434636859031288,5.434636859031288,5.434636859031288,10.984981086001518,10.984981086001518,10.984981086001518,20.57207376287663,Fail ,
15.157592197472677,15.445593418066442,13.32206666549804,15.157592197472677,5.434636859031288,5.434636859031288,5.434636859031288,10.984981086001518,10.984981086001518,10.984981086001518,15.419317536680563,Fail ,
15.157592197472677,15.445593418066442,13.32206666549804,15.157592197472677,5.434636859031288,5.434636859031288,5.434636859031288,10.984981086001518,10.984981086001518,10.984981086001518,19.798320863892915,Fail ,
15.157592197472677,15.445593418066442,13.32206666549804,15.157592197472677,5.434636859031288,5.434636859031288,5.434636859031288,10.984981086001518,10.984981086001518,10.984981086001518,20.120304340433467,Fail ,
15.157592197472677,15.445593418066442,13.32206666549804,15.157592197472677,5.434636859031288,5.434636859031288,5.434636859031288,10.984981086001518,10.984981086001518,10.984981086001518,21.893998256763705,Safe ,
15.157592197472677,15.445593418066442,13.32206666549804,15.157592197472677,5.434636859031288,5.434636859031288,5.434636859031288,10.984981086001518,10.984981086001518,10.984981086001518,18.589626678460565,Fail ,
15.157592197472677,15.445593418066442,13.32206666549804,15.157592197472677,5.434636859031288,5.434636859031288,5.434636859031288,10.984981086001518,10.984981086001518,10.984981086001518,18.356722601832,Fail ,
15.157592197472677,15.445593418066442,13.32206666549804,15.157592197472677,5.434636859031288,5.434636859031288,5.434636859031288,10.984981086001518,10.984981086001518,10.984981086001518,18.205216705695257,Fail ,
15.157592197472677,15.445593418066442,13.32206666549804,15.157592197472677,5.434636859031288,5.434636859031288,5.434636859031288,10.984981086001518,10.984981086001518,10.984981086001518,19.644484383252465,Fail ,
15.157592197472677,15.445593418066442,13.32206666549804,15.157592197472677,5.434636859031288,5.434636859031288,5.434636859031288,10.984981086001518,10.984981086001518,10.984981086001518,22.123440849851303,Safe ,
15.157592197472677,15.445593418066442,13.32206666549804,15.157592197472677,5.434636859031288,5.434636859031288,5.434636859031288,10.984981086001518,10.984981086001518,10.984981086001518,21.136949854821403,Safe ,
15.157592197472677,15.445593418066442,13.32206666549804,15.157592197472677,5.434636859031288,5.434636859031288,5.434636859031288,10.984981086001518,10.984981086001518,10.984981086001518,20.554825052380217,Fail ,
15.157592197472677,15.445593418066442,13.32206666549804,15.157592197472677,5.434636859031288,5.434636859031288,5.434636859031288,10.984981086001518,10.984981086001518,10.984981086001518,20.664786719743308,Fail ,
15.157592197472677,15.445593418066442,13.32206666549804,15.157592197472677,5.434636859031288,5.434636859031288,5.434636859031288,10.984981086001518,10.984981086001518,10.984981086001518,19.867185241446766,Fail ,
15.157592197472677,15.445593418066442,13.32206666549804,15.157592197472677,5.434636859031288,5.434636859031288,5.434636859031288,10.984981086001518,10.984981086001518,10.984981086001518,20.22575059308182,Fail ,
15.157592197472677,15.445593418066442,13.32206666549804,15.157592197472677,5.434636859031288,5.434636859031288,5.434636859031288,10.984981086001518,10.984981086001518,10.984981086001518,22.11981990595975,Safe ,
15.157592197472677,15.445593418066442,13.32206666549804,15.157592197472677,5.434636859031288,5.434636859031288,5.434636859031288,10.984981086001518,10.984981086001518,10.984981086001518,18.951152972606064,Fail ,
15.157592197472677,15.445593418066442,13.32206666549804,15.157592197472677,5.434636859031288,5.434636859031288,5.434636859031288,10.984981086001518,10.984981086001518,10.984981086001518,22.36929321029442,Safe ,
15.157592197472677,15.445593418066442,13.32206666549804,15.157592197472677,5.434636859031288,5.434636859031288,5.434636859031288,10.984981086001518,10.984981086001518,10.984981086001518,18.633535412808794,Fail ,
15.157592197472677,15.445593418066442,13.32206666549804,15.157592197472677,5.434636859031288,5.434636859031288,5.434636859031288,10.984981086001518,10.984981086001518,10.984981086001518,20.278768702823125,Fail ,
15.157592197472677,15.445593418066442,13.32206666549804,15.157592197472677,5.434636859031288,5.434636859031288,5.434636859031288,10.984981086001518,10.984981086001518,10.984981086001518,22.339185364554336,Safe ,
15.157592197472677,15.445593418066442,13.32206666549804,15.157592197472677,5.434636859031288,5.434636859031288,5.434636859031288,10.984981086001518,10.984981086001518,10.984981086001518,16.764137855406425,Fail ,
15.157592197472677,15.445593418066442,13.32206666549804,15.157592197472677,5.434636859031288,5.434636859031288,5.434636859031288,10.984981086001518,10.984981086001518,10.984981086001518,20.761679213124868,Fail ,
15.157592197472677,15.445593418066442,13.32206666549804,15.157592197472677,5.434636859031288,5.434636859031288,5.434636859031288,10.984981086001518,10.984981086001518,10.984981086001518,23.546849287595467,Safe ,
15.157592197472677,15.445593418066442,13.32206666549804,15.157592197472677,5.434636859031288,5.434636859031288,5.434636859031288,10.984981086001518,10.984981086001518,10.984981086001518,23.81000104937998,Safe ,
15.157592197472677,15.445593418066442,13.32206666549804,15.157592197472677,5.434636859031288,5.434636859031288,5.434636859031288,10.984981086001518,10.984981086001518,10.984981086001518,20.44592627896702,Fail ,
15.157592197472677,15.445593418066442,13.32206666549804,15.157592197472677,5.434636859031288,5.434636859031288,5.434636859031288,10.984981086001518,10.984981086001518,10.984981086001518,22.795562136464067,Safe ,
15.157592197472677,15.445593418066442,13.32206666549804,15.157592197472677,5.434636859031288,5.434636859031288,5.434636859031288,10.984981086001518,10.984981086001518,10.984981086001518,19.246122349785697,Fail ,
15.157592197472677,15.445593418066442,13.32206666549804,15.157592197472677,5.434636859031288,5.434636859031288,5.434636859031288,10.984981086001518,10.984981086001518,10.984981086001518,18.683722344171397,Fail ,
15.157592197472677,15.445593418066442,13.32206666549804,15.157592197472677,5.434636859031288,5.434636859031288,5.434636859031288,10.984981086001518,10.984981086001518,10.984981086001518,17.49169295829946,Fail ,
15.157592197472677,15.445593418066442,13.32206666549804,15.157592197472677,5.434636859031288,5.434636859031288,5.434636859031288,10.984981086001518,10.984981086001518,10.984981086001518,18.033325176179194,Fail ,
15.157592197472677,15.445593418066442,13.32206666549804,15.157592197472677,5.434636859031288,5.434636859031288,5.434636859031288,10.984981086001518,10.984981086001518,10.984981086001518,21.75834513540505,Safe ,
15.157592197472677,15.445593418066442,13.32206666549804,15.157592197472677,5.434636859031288,5.434636859031288,5.434636859031288,10.984981086001518,10.984981086001518,10.984981086001518,20.57717416039228,Fail ,
15.157592197472677,15.445593418066442,13.32206666549804,15.157592197472677,5.434636859031288,5.434636859031288,5.434636859031288,10.984981086001518,10.984981086001518,10.984981086001518,20.321105383999985,Fail ,
15.157592197472677,15.445593418066442,13.32206666549804,15.157592197472677,5.434636859031288,5.434636859031288,5.434636859031288,10.984981086001518,10.984981086001518,10.984981086001518,20.606156490809372,Fail ,
15.157592197472677,15.445593418066442,13.32206666549804,15.157592197472677,5.434636859031288,5.434636859031288,5.434636859031288,10.984981086001518,10.984981086001518,10.984981086001518,21.191168757932843,Safe ,
15.157592197472677,15.445593418066442,13.32206666549804,15.157592197472677,5.434636859031288,5.434636859031288,5.434636859031288,10.984981086001518,10.984981086001518,10.984981086001518,19.656957041164777,Fail ,
15.157592197472677,15.445593418066442,13.32206666549804,15.157592197472677,5.434636859031288,5.434636859031288,5.434636859031288,10.984981086001518,10.984981086001518,10.984981086001518,18.496181356315205,Fail ,
15.157592197472677,15.445593418066442,13.32206666549804,15.157592197472677,5.434636859031288,5.434636859031288,5.434636859031288,10.984981086001518,10.984981086001518,10.984981086001518,20.34842389407032,Fail ,
15.157592197472677,15.445593418066442,13.32206666549804,15.157592197472677,5.434636859031288,5.434636859031288,5.434636859031288,10.984981086001518,10.984981086001518,10.984981086001518,21.59696524778885,Safe ,
15.157592197472677,15.445593418066442,13.32206666549804,15.157592197472677,5.434636859031288,5.434636859031288,5.434636859031288,10.984981086001518,10.984981086001518,10.984981086001518,20.636497509772486,Fail ,
15.157592197472677,15.445593418066442,13.32206666549804,15.157592197472677,5.434636859031288,5.434636859031288,5.434636859031288,10.984981086001518,10.984981086001518,10.984981086001518,22.56068389054493,Safe ,
15.157592197472677,15.445593418066442,13.32206666549804,15.157592197472677,5.434636859031288,5.434636859031288,5.434636859031288,10.984981086001518,10.984981086001518,10.984981086001518,21.289407934672287,Safe ,
15.157592197472677,15.445593418066442,13.32206666549804,15.157592197472677,5.434636859031288,5.434636859031288,5.434636859031288,10.984981086001518,10.984981086001518,10.984981086001518,17.52184662169715,Fail ,
15.157592197472677,15.445593418066442,13.32206666549804,15.157592197472677,5.434636859031288,5.434636859031288,5.434636859031288,10.984981086001518,10.984981086001518,10.984981086001518,20.075781520550674,Fail ,
15.157592197472677,15.445593418066442,13.32206666549804,15.157592197472677,5.434636859031288,5.434636859031288,5.434636859031288,10.984981086001518,10.984981086001518,10.984981086001518,19.43218406185422,Fail ,
15.157592197472677,15.445593418066442,13.32206666549804,15.157592197472677,5.434636859031288,5.434636859031288,5.434636859031288,10.984981086001518,10.984981086001518,10.984981086001518,21.42379791783208,Safe ,
15.157592197472677,15.445593418066442,13.32206666549804,15.157592197472677,5.434636859031288,5.434636859031288,5.434636859031288,10.984981086001518,10.984981086001518,10.984981086001518,18.982657849325225,Fail ,
15.157592197472677,15.445593418066442,13.32206666549804,15.157592197472677,5.434636859031288,5.434636859031288,5.434636859031288,10.984981086001518,10.984981086001518,10.984981086001518,22.661709845318914,Safe ,
15.157592197472677,15.445593418066442,13.32206666549804,15.157592197472677,5.434636859031288,5.434636859031288,5.434636859031288,10.984981086001518,10.984981086001518,10.984981086001518,20.499761833037706,Fail ,
15.157592197472677,15.445593418066442,13.32206666549804,15.157592197472677,5.434636859031288,5.434636859031288,5.434636859031288,10.984981086001518,10.984981086001518,10.984981086001518,20.352712453865593,Fail ,
15.157592197472677,15.445593418066442,13.32206666549804,15.157592197472677,5.434636859031288,5.434636859031288,5.434636859031288,10.984981086001518,10.984981086001518,10.984981086001518,21.57034505958594,Safe ,
15.157592197472677,15.445593418066442,13.32206666549804,15.157592197472677,5.434636859031288,5.434636859031288,5.434636859031288,10.984981086001518,10.984981086001518,10.984981086001518,21.139063219394796,Safe ,
15.157592197472677,15.445593418066442,13.32206666549804,15.157592197472677,5.434636859031288,5.434636859031288,5.434636859031288,10.984981086001518,10.984981086001518,10.984981086001518,18.355636740177374,Fail ,
15.157592197472677,15.445593418066442,13.32206666549804,15.157592197472677,5.434636859031288,5.434636859031288,5.434636859031288,10.984981086001518,10.984981086001518,10.984981086001518,20.716402258301304,Fail ,
15.157592197472677,15.445593418066442,13.32206666549804,15.157592197472677,5.434636859031288,5.434636859031288,5.434636859031288,10.984981086001518,10.984981086001518,10.984981086001518,19.7235595506604,Fail ,
15.157592197472677,15.445593418066442,13.32206666549804,15.157592197472677,5.434636859031288,5.434636859031288,5.434636859031288,10.984981086001518,10.984981086001518,10.984981086001518,18.31250482621953,Fail ,
15.157592197472677,15.445593418066442,13.32206666549804,15.157592197472677,5.434636859031288,5.434636859031288,5.434636859031288,10.984981086001518,10.984981086001518,10.984981086001518,20.352365420365015,Fail ,
15.157592197472677,15.445593418066442,13.32206666549804,15.157592197472677,5.434636859031288,5.434636859031288,5.434636859031288,10.984981086001518,10.984981086001518,10.984981086001518,20.992343882452747,Fail ,
15.157592197472677,15.445593418066442,13.32206666549804,15.157592197472677,5.434636859031288,5.434636859031288,5.434636859031288,10.984981086001518,10.984981086001518,10.984981086001518,18.469425979637794,Fail ,
15.157592197472677,15.445593418066442,13.32206666549804,15.157592197472677,5.434636859031288,5.434636859031288,5.434636859031288,10.984981086001518,10.984981086001518,10.984981086001518,18.26936155320568,Fail ,
15.157592197472677,15.445593418066442,13.32206666549804,15.157592197472677,5.434636859031288,5.434636859031288,5.434636859031288,10.984981086001518,10.984981086001518,10.984981086001518,19.18304488482458,Fail ,
15.157592197472677,15.445593418066442,13.32206666549804,15.157592197472677,5.434636859031288,5.434636859031288,5.434636859031288,10.984981086001518,10.984981086001518,10.984981086001518,20.560208150290503,Fail ,
15.157592197472677,15.445593418066442,13.32206666549804,15.157592197472677,5.434636859031288,5.434636859031288,5.434636859031288,10.984981086001518,10.984981086001518,10.984981086001518,22.37523615416415,Safe ,
15.157592197472677,15.445593418066442,13.32206666549804,15.157592197472677,5.434636859031288,5.434636859031288,5.434636859031288,10.984981086001518,10.984981086001518,10.984981086001518,22.035060460631097,Safe ,
15.157592197472677,15.445593418066442,13.32206666549804,15.157592197472677,5.434636859031288,5.434636859031288,5.434636859031288,10.984981086001518,10.984981086001518,10.984981086001518,22.012152656804506,Safe ,
15.157592197472677,15.445593418066442,13.32206666549804,15.157592197472677,5.434636859031288,5.434636859031288,5.434636859031288,10.984981086001518,10.984981086001518,10.984981086001518,19.982193650202255,Fail ,
15.157592197472677,15.445593418066442,13.32206666549804,15.157592197472677,5.434636859031288,5.434636859031288,5.434636859031288,10.984981086001518,10.984981086001518,10.984981086001518,21.874401051427846,Safe ,
15.157592197472677,15.445593418066442,13.32206666549804,15.157592197472677,5.434636859031288,5.434636859031288,5.434636859031288,10.984981086001518,10.984981086001518,10.984981086001518,22.181905365598453,Safe ,
15.157592197472677,15.445593418066442,13.32206666549804,15.157592197472677,5.434636859031288,5.434636859031288,5.434636859031288,10.984981086001518,10.984981086001518,10.984981086001518,19.283747060692775,Fail ,
15.157592197472677,15.445593418066442,13.32206666549804,15.157592197472677,5.434636859031288,5.434636859031288,5.434636859031288,10.984981086001518,10.984981086001518,10.984981086001518,18.74719601889297,Fail ,
15.157592197472677,15.445593418066442,13.32206666549804,15.157592197472677,5.434636859031288,5.434636859031288,5.434636859031288,10.984981086001518,10.984981086001518,10.984981086001518,23.04642195010769,Safe ,
15.157592197472677,15.445593418066442,13.32206666549804,15.157592197472677,5.434636859031288,5.434636859031288,5.434636859031288,10.984981086001518,10.984981086001518,10.984981086001518,17.582622218872892,Fail ,
15.157592197472677,15.445593418066442,13.32206666549804,15.157592197472677,5.434636859031288,5.434636859031288,5.434636859031288,10.984981086001518,10.984981086001518,10.984981086001518,19.168592506004256,Fail ,
15.157592197472677,15.445593418066442,13.32206666549804,15.157592197472677,5.434636859031288,5.434636859031288,5.434636859031288,10.984981086001518,10.984981086001518,10.984981086001518,19.914940735358762,Fail ,
15.157592197472677,15.445593418066442,13.32206666549804,15.157592197472677,5.434636859031288,5.434636859031288,5.434636859031288,10.984981086001518,10.984981086001518,10.984981086001518,19.857840789233695,Fail ,
15.157592197472677,15.445593418066442,13.32206666549804,15.157592197472677,5.434636859031288,5.434636859031288,5.434636859031288,10.984981086001518,10.984981086001518,10.984981086001518,23.870980915519514,Safe ,
15.157592197472677,15.445593418066442,13.32206666549804,15.157592197472677,5.434636859031288,5.434636859031288,5.434636859031288,10.984981086001518,10.984981086001518,10.984981086001518,17.653965612941956,Fail ,
15.157592197472677,15.445593418066442,13.32206666549804,15.157592197472677,5.434636859031288,5.434636859031288,5.434636859031288,10.984981086001518,10.984981086001518,10.984981086001518,19.854021263653017,Fail ,
15.157592197472677,15.445593418066442,13.32206666549804,15.157592197472677,5.434636859031288,5.434636859031288,5.434636859031288,10.984981086001518,10.984981086001518,10.984981086001518,18.553745631941418,Fail ,
15.157592197472677,15.445593418066442,13.32206666549804,15.157592197472677,5.434636859031288,5.434636859031288,5.434636859031288,10.984981086001518,10.984981086001518,10.984981086001518,22.427741921985593,Safe ,
15.157592197472677,15.445593418066442,13.32206666549804,15.157592197472677,5.434636859031288,5.434636859031288,5.434636859031288,10.984981086001518,10.984981086001518,10.984981086001518,20.461396941919016,Fail ,
15.157592197472677,15.445593418066442,13.32206666549804,15.157592197472677,5.434636859031288,5.434636859031288,5.434636859031288,10.984981086001518,10.984981086001518,10.984981086001518,18.45979524832314,Fail ,
15.157592197472677,15.445593418066442,13.32206666549804,15.157592197472677,5.434636859031288,5.434636859031288,5.434636859031288,10.984981086001518,10.984981086001518,10.984981086001518,21.666667268223836,Safe ,
15.157592197472677,15.445593418066442,13.32206666549804,15.157592197472677,5.434636859031288,5.434636859031288,5.434636859031288,10.984981086001518,10.984981086001518,10.984981086001518,20.724124911463452,Fail ,
15.157592197472677,15.445593418066442,13.32206666549804,15.157592197472677,5.434636859031288,5.434636859031288,5.434636859031288,10.984981086001518,10.984981086001518,10.984981086001518,24.145725690911895,Safe ,
15.157592197472677,15.445593418066442,13.32206666549804,15.157592197472677,5.434636859031288,5.434636859031288,5.434636859031288,10.984981086001518,10.984981086001518,10.984981086001518,22.333291207832076,Safe ,
15.157592197472677,15.445593418066442,13.32206666549804,15.157592197472677,5.434636859031288,5.434636859031288,5.434636859031288,10.984981086001518,10.984981086001518,10.984981086001518,19.94739598748026,Fail ,
15.157592197472677,15.445593418066442,13.32206666549804,15.157592197472677,5.434636859031288,5.434636859031288,5.434636859031288,10.984981086001518,10.984981086001518,10.984981086001518,18.94023699582692,Fail ,
15.157592197472677,15.445593418066442,13.32206666549804,15.157592197472677,5.434636859031288,5.434636859031288,5.434636859031288,10.984981086001518,10.984981086001518,10.984981086001518,21.012145696764385,Safe ,
15.157592197472677,15.445593418066442,13.32206666549804,15.157592197472677,5.434636859031288,5.434636859031288,5.434636859031288,10.984981086001518,10.984981086001518,10.984981086001518,22.645360213021174,Safe ,
15.157592197472677,15.445593418066442,13.32206666549804,15.157592197472677,5.434636859031288,5.434636859031288,5.434636859031288,10.984981086001518,10.984981086001518,10.984981086001518,21.14208052321867,Safe ,
